StudentID;SurveyDate;SurveyNr;Question;LastOpinionChangeWeightA;LastOpinionChangeWeightB;SurveyWeightA;SurveyWeightB;OpinionSim;OpinionSurvey;Mu;Theta;Lambda;ForgettingType;Delta;Units
20905;1317045780;1;euthanasia;0.923567;0.077587;0.923567;0.077587;0;0;0.300000;0.200000;0.005631;exponential;0.280000;3600
13116;1313432700;1;euthanasia;0.077587;0.923567;0.077587;0.923567;1;1;0.300000;0.200000;0.005631;exponential;0.280000;3600
75178;1313444580;1;euthanasia;0.077587;0.923567;0.077587;0.923567;1;1;0.300000;0.200000;0.005631;exponential;0.280000;3600
30952;1316439240;1;euthanasia;0.585883;0.415236;0.585883;0.415236;2;2;0.300000;0.200000;0.005631;exponential;0.280000;3600
60830;1314048480;1;euthanasia;0.077587;0.923567;0.077587;0.923567;1;1;0.300000;0.200000;0.005631;exponential;0.280000;3600
69669;1313606160;1;euthanasia;0.077587;0.923567;0.077587;0.923567;1;1;0.300000;0.200000;0.005631;exponential;0.280000;3600
22931;1313609880;1;euthanasia;0.923567;0.077587;0.923567;0.077587;0;0;0.300000;0.200000;0.005631;exponential;0.280000;3600
62555;1313417040;1;euthanasia;0.923567;0.077587;0.923567;0.077587;0;0;0.300000;0.200000;0.005631;exponential;0.280000;3600
26999;1313413080;1;euthanasia;0.923567;0.077587;0.923567;0.077587;0;0;0.300000;0.200000;0.005631;exponential;0.280000;3600
10841;1313421540;1;euthanasia;0.077587;0.923567;0.077587;0.923567;1;1;0.300000;0.200000;0.005631;exponential;0.280000;3600
88133;1313962380;1;euthanasia;0.923567;0.077587;0.923567;0.077587;0;0;0.300000;0.200000;0.005631;exponential;0.280000;3600
78966;1313483820;1;euthanasia;0.077587;0.923567;0.077587;0.923567;1;1;0.300000;0.200000;0.005631;exponential;0.280000;3600
55464;1313446320;1;euthanasia;0.585883;0.415236;0.585883;0.415236;2;2;0.300000;0.200000;0.005631;exponential;0.280000;3600
86352;1313594460;1;euthanasia;0.585883;0.415236;0.585883;0.415236;2;2;0.300000;0.200000;0.005631;exponential;0.280000;3600
85596;1313415420;1;euthanasia;0.923567;0.077587;0.923567;0.077587;0;0;0.300000;0.200000;0.005631;exponential;0.280000;3600
52923;1313444700;1;euthanasia;0.923567;0.077587;0.923567;0.077587;0;0;0.300000;0.200000;0.005631;exponential;0.280000;3600
17353;1313526900;1;euthanasia;0.923567;0.077587;0.923567;0.077587;0;0;0.300000;0.200000;0.005631;exponential;0.280000;3600
39122;1313414640;1;euthanasia;0.923567;0.077587;0.923567;0.077587;0;0;0.300000;0.200000;0.005631;exponential;0.280000;3600
14188;1313424840;1;euthanasia;0.077587;0.923567;0.077587;0.923567;1;1;0.300000;0.200000;0.005631;exponential;0.280000;3600
31583;1313715300;1;euthanasia;0.923567;0.077587;0.923567;0.077587;0;0;0.300000;0.200000;0.005631;exponential;0.280000;3600
53275;1313429580;1;euthanasia;0.077587;0.923567;0.077587;0.923567;1;1;0.300000;0.200000;0.005631;exponential;0.280000;3600
77824;1313443140;1;euthanasia;0.923567;0.077587;0.923567;0.077587;0;0;0.300000;0.200000;0.005631;exponential;0.280000;3600
18394;1314015780;1;euthanasia;0.077587;0.923567;0.077587;0.923567;1;1;0.300000;0.200000;0.005631;exponential;0.280000;3600
38901;1313572020;1;euthanasia;0.077587;0.923567;0.077587;0.923567;1;1;0.300000;0.200000;0.005631;exponential;0.280000;3600
33094;1313420340;1;euthanasia;0.077587;0.923567;0.077587;0.923567;1;1;0.300000;0.200000;0.005631;exponential;0.280000;3600
63757;1313420880;1;euthanasia;0.077587;0.923567;0.077587;0.923567;1;1;0.300000;0.200000;0.005631;exponential;0.280000;3600
77291;1313704740;1;euthanasia;0.923567;0.077587;0.923567;0.077587;0;0;0.300000;0.200000;0.005631;exponential;0.280000;3600
36006;1313441700;1;euthanasia;0.923567;0.077587;0.923567;0.077587;0;0;0.300000;0.200000;0.005631;exponential;0.280000;3600
57637;1313445120;1;euthanasia;0.585883;0.415236;0.585883;0.415236;2;2;0.300000;0.200000;0.005631;exponential;0.280000;3600
86610;1313430420;1;euthanasia;0.923567;0.077587;0.923567;0.077587;0;0;0.300000;0.200000;0.005631;exponential;0.280000;3600
82060;1313513520;1;euthanasia;0.923567;0.077587;0.923567;0.077587;0;0;0.300000;0.200000;0.005631;exponential;0.280000;3600
52067;1313433780;1;euthanasia;0.585883;0.415236;0.585883;0.415236;2;2;0.300000;0.200000;0.005631;exponential;0.280000;3600
51102;1313423040;1;euthanasia;0.923567;0.077587;0.923567;0.077587;0;0;0.300000;0.200000;0.005631;exponential;0.280000;3600
48187;1313427360;1;euthanasia;0.077587;0.923567;0.077587;0.923567;1;1;0.300000;0.200000;0.005631;exponential;0.280000;3600
34853;1313419080;1;euthanasia;0.077587;0.923567;0.077587;0.923567;1;1;0.300000;0.200000;0.005631;exponential;0.280000;3600
79877;1313424180;1;euthanasia;0.077587;0.923567;0.077587;0.923567;1;1;0.300000;0.200000;0.005631;exponential;0.280000;3600
63188;1313418960;1;euthanasia;0.923567;0.077587;0.923567;0.077587;0;0;0.300000;0.200000;0.005631;exponential;0.280000;3600
62560;1313794380;1;euthanasia;0.077587;0.923567;0.077587;0.923567;1;1;0.300000;0.200000;0.005631;exponential;0.280000;3600
71627;1313683140;1;euthanasia;0.923567;0.077587;0.923567;0.077587;0;0;0.300000;0.200000;0.005631;exponential;0.280000;3600
75261;1313473800;1;euthanasia;0.077587;0.923567;0.077587;0.923567;1;1;0.300000;0.200000;0.005631;exponential;0.280000;3600
19844;1313505900;1;euthanasia;0.077587;0.923567;0.077587;0.923567;1;1;0.300000;0.200000;0.005631;exponential;0.280000;3600
77023;1313446080;1;euthanasia;0.077587;0.923567;0.077587;0.923567;1;1;0.300000;0.200000;0.005631;exponential;0.280000;3600
82282;1313503980;1;euthanasia;0.077587;0.923567;0.077587;0.923567;1;1;0.300000;0.200000;0.005631;exponential;0.280000;3600
25323;1313630220;1;euthanasia;0.585883;0.415236;0.585883;0.415236;2;2;0.300000;0.200000;0.005631;exponential;0.280000;3600
40997;1313415420;1;euthanasia;0.077587;0.923567;0.077587;0.923567;1;1;0.300000;0.200000;0.005631;exponential;0.280000;3600
52635;1313414160;1;euthanasia;0.077587;0.923567;0.077587;0.923567;1;1;0.300000;0.200000;0.005631;exponential;0.280000;3600
45945;1313515380;1;euthanasia;0.077587;0.923567;0.077587;0.923567;1;1;0.300000;0.200000;0.005631;exponential;0.280000;3600
72746;1313481240;1;euthanasia;0.077587;0.923567;0.077587;0.923567;1;1;0.300000;0.200000;0.005631;exponential;0.280000;3600
15071;1313422200;1;euthanasia;0.077587;0.923567;0.077587;0.923567;1;1;0.300000;0.200000;0.005631;exponential;0.280000;3600
46771;1313413860;1;euthanasia;0.077587;0.923567;0.077587;0.923567;1;1;0.300000;0.200000;0.005631;exponential;0.280000;3600
88175;1313478900;1;euthanasia;0.585883;0.415236;0.585883;0.415236;2;2;0.300000;0.200000;0.005631;exponential;0.280000;3600
78638;1313505180;1;euthanasia;0.077587;0.923567;0.077587;0.923567;1;1;0.300000;0.200000;0.005631;exponential;0.280000;3600
29914;1313567880;1;euthanasia;0.077587;0.923567;0.077587;0.923567;1;1;0.300000;0.200000;0.005631;exponential;0.280000;3600
11023;1314177360;1;euthanasia;0.585883;0.415236;0.585883;0.415236;2;2;0.300000;0.200000;0.005631;exponential;0.280000;3600
28831;1313448900;1;euthanasia;0.923567;0.077587;0.923567;0.077587;0;0;0.300000;0.200000;0.005631;exponential;0.280000;3600
41393;1313450940;1;euthanasia;0.923567;0.077587;0.923567;0.077587;0;0;0.300000;0.200000;0.005631;exponential;0.280000;3600
66404;1313439540;1;euthanasia;0.077587;0.923567;0.077587;0.923567;1;1;0.300000;0.200000;0.005631;exponential;0.280000;3600
37617;1313429820;1;euthanasia;0.923567;0.077587;0.923567;0.077587;0;0;0.300000;0.200000;0.005631;exponential;0.280000;3600
76313;1313870880;1;euthanasia;0.077587;0.923567;0.077587;0.923567;1;1;0.300000;0.200000;0.005631;exponential;0.280000;3600
52441;1313578500;1;euthanasia;0.923567;0.077587;0.923567;0.077587;0;0;0.300000;0.200000;0.005631;exponential;0.280000;3600
30076;1314215640;1;euthanasia;0.077587;0.923567;0.077587;0.923567;1;1;0.300000;0.200000;0.005631;exponential;0.280000;3600
71700;1313511180;1;euthanasia;0.923567;0.077587;0.923567;0.077587;0;0;0.300000;0.200000;0.005631;exponential;0.280000;3600
19066;1313432160;1;euthanasia;0.923567;0.077587;0.923567;0.077587;0;0;0.300000;0.200000;0.005631;exponential;0.280000;3600
51675;1313482080;1;euthanasia;0.923567;0.077587;0.923567;0.077587;0;0;0.300000;0.200000;0.005631;exponential;0.280000;3600
69065;1313426160;1;euthanasia;0.923567;0.077587;0.923567;0.077587;0;0;0.300000;0.200000;0.005631;exponential;0.280000;3600
11360;1313618880;1;euthanasia;0.077587;0.923567;0.077587;0.923567;1;1;0.300000;0.200000;0.005631;exponential;0.280000;3600
44520;1313433960;1;euthanasia;0.077587;0.923567;0.077587;0.923567;1;1;0.300000;0.200000;0.005631;exponential;0.280000;3600
14106;1313421180;1;euthanasia;0.077587;0.923567;0.077587;0.923567;1;1;0.300000;0.200000;0.005631;exponential;0.280000;3600
18420;1313434620;1;euthanasia;0.923567;0.077587;0.923567;0.077587;0;0;0.300000;0.200000;0.005631;exponential;0.280000;3600
10353;1313573940;1;euthanasia;0.077587;0.923567;0.077587;0.923567;1;1;0.300000;0.200000;0.005631;exponential;0.280000;3600
68533;1313431980;1;euthanasia;0.077587;0.923567;0.077587;0.923567;1;1;0.300000;0.200000;0.005631;exponential;0.280000;3600
96600;1313575200;1;euthanasia;0.923567;0.077587;0.923567;0.077587;0;0;0.300000;0.200000;0.005631;exponential;0.280000;3600
22617;1313446500;1;euthanasia;0.077587;0.923567;0.077587;0.923567;1;1;0.300000;0.200000;0.005631;exponential;0.280000;3600
10060;1313479920;1;euthanasia;0.077587;0.923567;0.077587;0.923567;1;1;0.300000;0.200000;0.005631;exponential;0.280000;3600
48429;1317075780;1;euthanasia;0.077587;0.923567;0.077587;0.923567;1;1;0.300000;0.200000;0.005631;exponential;0.280000;3600
18344;1313422920;1;euthanasia;0.585883;0.415236;0.585883;0.415236;2;2;0.300000;0.200000;0.005631;exponential;0.280000;3600
16495;1313706240;1;euthanasia;0.585883;0.415236;0.585883;0.415236;2;2;0.300000;0.200000;0.005631;exponential;0.280000;3600
68494;1313497740;1;euthanasia;0.923567;0.077587;0.923567;0.077587;0;0;0.300000;0.200000;0.005631;exponential;0.280000;3600
14962;1313708940;1;euthanasia;0.585883;0.415236;0.585883;0.415236;2;2;0.300000;0.200000;0.005631;exponential;0.280000;3600
36143;1313437740;1;euthanasia;0.077587;0.923567;0.077587;0.923567;1;1;0.300000;0.200000;0.005631;exponential;0.280000;3600
46021;1313436780;1;euthanasia;0.077587;0.923567;0.077587;0.923567;1;1;0.300000;0.200000;0.005631;exponential;0.280000;3600
75468;1313484180;1;euthanasia;0.077587;0.923567;0.077587;0.923567;1;1;0.300000;0.200000;0.005631;exponential;0.280000;3600
46654;1314006180;1;euthanasia;0.923567;0.077587;0.923567;0.077587;0;0;0.300000;0.200000;0.005631;exponential;0.280000;3600
23642;1314049620;1;euthanasia;0.923567;0.077587;0.923567;0.077587;0;0;0.300000;0.200000;0.005631;exponential;0.280000;3600
50869;1313422740;1;euthanasia;0.077587;0.923567;0.077587;0.923567;1;1;0.300000;0.200000;0.005631;exponential;0.280000;3600
68633;1314108600;1;euthanasia;0.585883;0.415236;0.585883;0.415236;2;2;0.300000;0.200000;0.005631;exponential;0.280000;3600
74916;1313497560;1;euthanasia;0.585883;0.415236;0.585883;0.415236;2;2;0.300000;0.200000;0.005631;exponential;0.280000;3600
66991;1313502780;1;euthanasia;0.923567;0.077587;0.923567;0.077587;0;0;0.300000;0.200000;0.005631;exponential;0.280000;3600
64772;1313540100;1;euthanasia;0.077587;0.923567;0.077587;0.923567;1;1;0.300000;0.200000;0.005631;exponential;0.280000;3600
13896;1313414580;1;euthanasia;0.077587;0.923567;0.077587;0.923567;1;1;0.300000;0.200000;0.005631;exponential;0.280000;3600
48990;1313883060;1;euthanasia;0.923567;0.077587;0.923567;0.077587;0;0;0.300000;0.200000;0.005631;exponential;0.280000;3600
11692;1313443320;1;euthanasia;0.077587;0.923567;0.077587;0.923567;1;1;0.300000;0.200000;0.005631;exponential;0.280000;3600
75466;1313415600;1;euthanasia;0.077587;0.923567;0.077587;0.923567;1;1;0.300000;0.200000;0.005631;exponential;0.280000;3600
86237;1313534340;1;euthanasia;0.077587;0.923567;0.077587;0.923567;1;1;0.300000;0.200000;0.005631;exponential;0.280000;3600
24853;1314019620;1;euthanasia;0.585883;0.415236;0.585883;0.415236;2;2;0.300000;0.200000;0.005631;exponential;0.280000;3600
25494;1313453220;1;euthanasia;0.077587;0.923567;0.077587;0.923567;1;1;0.300000;0.200000;0.005631;exponential;0.280000;3600
39783;1313610120;1;euthanasia;0.585883;0.415236;0.585883;0.415236;2;2;0.300000;0.200000;0.005631;exponential;0.280000;3600
57896;1313506380;1;euthanasia;0.923567;0.077587;0.923567;0.077587;0;0;0.300000;0.200000;0.005631;exponential;0.280000;3600
21350;1313461620;1;euthanasia;0.077587;0.923567;0.077587;0.923567;1;1;0.300000;0.200000;0.005631;exponential;0.280000;3600
85970;1313415180;1;euthanasia;0.077587;0.923567;0.077587;0.923567;1;1;0.300000;0.200000;0.005631;exponential;0.280000;3600
59367;1313419200;1;euthanasia;0.077587;0.923567;0.077587;0.923567;1;1;0.300000;0.200000;0.005631;exponential;0.280000;3600
13799;1313425080;1;euthanasia;0.923567;0.077587;0.923567;0.077587;0;0;0.300000;0.200000;0.005631;exponential;0.280000;3600
47230;1315332420;1;euthanasia;0.923567;0.077587;0.923567;0.077587;0;0;0.300000;0.200000;0.005631;exponential;0.280000;3600
38823;1313526120;1;euthanasia;0.923567;0.077587;0.923567;0.077587;0;0;0.300000;0.200000;0.005631;exponential;0.280000;3600
49597;1313432640;1;euthanasia;0.077587;0.923567;0.077587;0.923567;1;1;0.300000;0.200000;0.005631;exponential;0.280000;3600
67947;1313619300;1;euthanasia;0.923567;0.077587;0.923567;0.077587;0;0;0.300000;0.200000;0.005631;exponential;0.280000;3600
50709;1313479620;1;euthanasia;0.585883;0.415236;0.585883;0.415236;2;2;0.300000;0.200000;0.005631;exponential;0.280000;3600
70889;1313497740;1;euthanasia;0.923567;0.077587;0.923567;0.077587;0;0;0.300000;0.200000;0.005631;exponential;0.280000;3600
86727;1313586360;1;euthanasia;0.585883;0.415236;0.585883;0.415236;2;2;0.300000;0.200000;0.005631;exponential;0.280000;3600
45539;1314453720;1;euthanasia;0.585883;0.415236;0.585883;0.415236;2;2;0.300000;0.200000;0.005631;exponential;0.280000;3600
17041;1313698800;1;euthanasia;0.077587;0.923567;0.077587;0.923567;1;1;0.300000;0.200000;0.005631;exponential;0.280000;3600
89827;1313773680;1;euthanasia;0.077587;0.923567;0.077587;0.923567;1;1;0.300000;0.200000;0.005631;exponential;0.280000;3600
16313;1313426340;1;euthanasia;0.077587;0.923567;0.077587;0.923567;1;1;0.300000;0.200000;0.005631;exponential;0.280000;3600
22540;1313426520;1;euthanasia;0.077587;0.923567;0.077587;0.923567;1;1;0.300000;0.200000;0.005631;exponential;0.280000;3600
40557;1313420220;1;euthanasia;0.923567;0.077587;0.923567;0.077587;0;0;0.300000;0.200000;0.005631;exponential;0.280000;3600
66754;1313458920;1;euthanasia;0.585883;0.415236;0.585883;0.415236;2;2;0.300000;0.200000;0.005631;exponential;0.280000;3600
66245;1314108060;1;euthanasia;0.923567;0.077587;0.923567;0.077587;0;0;0.300000;0.200000;0.005631;exponential;0.280000;3600
32174;1314789840;1;euthanasia;0.585883;0.415236;0.585883;0.415236;2;2;0.300000;0.200000;0.005631;exponential;0.280000;3600
73175;1317044580;1;euthanasia;0.923567;0.077587;0.923567;0.077587;0;0;0.300000;0.200000;0.005631;exponential;0.280000;3600
23144;1313423280;1;euthanasia;0.077587;0.923567;0.077587;0.923567;1;1;0.300000;0.200000;0.005631;exponential;0.280000;3600
44956;1313419020;1;euthanasia;0.923567;0.077587;0.923567;0.077587;0;0;0.300000;0.200000;0.005631;exponential;0.280000;3600
84625;1313636460;1;euthanasia;0.077587;0.923567;0.077587;0.923567;1;1;0.300000;0.200000;0.005631;exponential;0.280000;3600
24760;1313452860;1;euthanasia;0.923567;0.077587;0.923567;0.077587;0;0;0.300000;0.200000;0.005631;exponential;0.280000;3600
50947;1314264900;1;euthanasia;0.923567;0.077587;0.923567;0.077587;0;0;0.300000;0.200000;0.005631;exponential;0.280000;3600
51597;1313701380;1;euthanasia;0.077587;0.923567;0.077587;0.923567;1;1;0.300000;0.200000;0.005631;exponential;0.280000;3600
25171;1313487480;1;euthanasia;0.077587;0.923567;0.077587;0.923567;1;1;0.300000;0.200000;0.005631;exponential;0.280000;3600
58909;1313494200;1;euthanasia;0.077587;0.923567;0.077587;0.923567;1;1;0.300000;0.200000;0.005631;exponential;0.280000;3600
52615;1314777900;1;euthanasia;0.077587;0.923567;0.077587;0.923567;1;1;0.300000;0.200000;0.005631;exponential;0.280000;3600
25947;1313489940;1;euthanasia;0.585883;0.415236;0.585883;0.415236;2;2;0.300000;0.200000;0.005631;exponential;0.280000;3600
34250;1313583480;1;euthanasia;0.077587;0.923567;0.077587;0.923567;1;1;0.300000;0.200000;0.005631;exponential;0.280000;3600
44167;1313433120;1;euthanasia;0.077587;0.923567;0.077587;0.923567;1;1;0.300000;0.200000;0.005631;exponential;0.280000;3600
65102;1313413920;1;euthanasia;0.077587;0.923567;0.077587;0.923567;1;1;0.300000;0.200000;0.005631;exponential;0.280000;3600
22745;1313416620;1;euthanasia;0.077587;0.923567;0.077587;0.923567;1;1;0.300000;0.200000;0.005631;exponential;0.280000;3600
61280;1313434980;1;euthanasia;0.585883;0.415236;0.585883;0.415236;2;2;0.300000;0.200000;0.005631;exponential;0.280000;3600
55594;1317469920;1;euthanasia;0.585883;0.415236;0.585883;0.415236;2;2;0.300000;0.200000;0.005631;exponential;0.280000;3600
46584;1314022500;1;euthanasia;0.923567;0.077587;0.923567;0.077587;0;0;0.300000;0.200000;0.005631;exponential;0.280000;3600
35227;1313513100;1;euthanasia;0.077587;0.923567;0.077587;0.923567;1;1;0.300000;0.200000;0.005631;exponential;0.280000;3600
52385;1314136320;1;euthanasia;0.077587;0.923567;0.077587;0.923567;1;1;0.300000;0.200000;0.005631;exponential;0.280000;3600
26127;1313708280;1;euthanasia;0.585883;0.415236;0.585883;0.415236;2;2;0.300000;0.200000;0.005631;exponential;0.280000;3600
38893;1314221820;1;euthanasia;0.585883;0.415236;0.585883;0.415236;2;2;0.300000;0.200000;0.005631;exponential;0.280000;3600
45292;1313507100;1;euthanasia;0.923567;0.077587;0.923567;0.077587;0;0;0.300000;0.200000;0.005631;exponential;0.280000;3600
31372;1313822700;1;euthanasia;0.077587;0.923567;0.077587;0.923567;1;1;0.300000;0.200000;0.005631;exponential;0.280000;3600
71782;1313617500;1;euthanasia;0.585883;0.415236;0.585883;0.415236;2;2;0.300000;0.200000;0.005631;exponential;0.280000;3600
39701;1313712960;1;euthanasia;0.923567;0.077587;0.923567;0.077587;0;0;0.300000;0.200000;0.005631;exponential;0.280000;3600
45000;1313419140;1;euthanasia;0.923567;0.077587;0.923567;0.077587;0;0;0.300000;0.200000;0.005631;exponential;0.280000;3600
73303;1313442720;1;euthanasia;0.585883;0.415236;0.585883;0.415236;2;2;0.300000;0.200000;0.005631;exponential;0.280000;3600
51470;1313432760;1;euthanasia;0.585883;0.415236;0.585883;0.415236;2;2;0.300000;0.200000;0.005631;exponential;0.280000;3600
84472;1313425140;1;euthanasia;0.077587;0.923567;0.077587;0.923567;1;1;0.300000;0.200000;0.005631;exponential;0.280000;3600
86009;1313415960;1;euthanasia;0.923567;0.077587;0.923567;0.077587;0;0;0.300000;0.200000;0.005631;exponential;0.280000;3600
46160;1313416740;1;euthanasia;0.923567;0.077587;0.923567;0.077587;0;0;0.300000;0.200000;0.005631;exponential;0.280000;3600
84215;1313446440;1;euthanasia;0.077587;0.923567;0.077587;0.923567;1;1;0.300000;0.200000;0.005631;exponential;0.280000;3600
25544;1314968520;1;euthanasia;0.077587;0.923567;0.077587;0.923567;1;1;0.300000;0.200000;0.005631;exponential;0.280000;3600
50181;1314801840;1;euthanasia;0.585883;0.415236;0.585883;0.415236;2;2;0.300000;0.200000;0.005631;exponential;0.280000;3600
63817;1313538900;1;euthanasia;0.923567;0.077587;0.923567;0.077587;0;0;0.300000;0.200000;0.005631;exponential;0.280000;3600
83568;1314192900;1;euthanasia;0.923567;0.077587;0.923567;0.077587;0;0;0.300000;0.200000;0.005631;exponential;0.280000;3600
49294;1313492520;1;euthanasia;0.585883;0.415236;0.585883;0.415236;2;2;0.300000;0.200000;0.005631;exponential;0.280000;3600
53884;1313417760;1;euthanasia;0.923567;0.077587;0.923567;0.077587;0;0;0.300000;0.200000;0.005631;exponential;0.280000;3600
51722;1313415960;1;euthanasia;0.585883;0.415236;0.585883;0.415236;2;2;0.300000;0.200000;0.005631;exponential;0.280000;3600
66052;1313615100;1;euthanasia;0.077587;0.923567;0.077587;0.923567;1;1;0.300000;0.200000;0.005631;exponential;0.280000;3600
23040;1313524380;1;euthanasia;0.077587;0.923567;0.077587;0.923567;1;1;0.300000;0.200000;0.005631;exponential;0.280000;3600
71518;1314049200;1;euthanasia;0.077587;0.923567;0.077587;0.923567;1;1;0.300000;0.200000;0.005631;exponential;0.280000;3600
51552;1314778320;1;euthanasia;0.077587;0.923567;0.077587;0.923567;1;1;0.300000;0.200000;0.005631;exponential;0.280000;3600
80058;1313547600;1;euthanasia;0.077587;0.923567;0.077587;0.923567;1;1;0.300000;0.200000;0.005631;exponential;0.280000;3600
78911;1313432580;1;euthanasia;0.077587;0.923567;0.077587;0.923567;1;1;0.300000;0.200000;0.005631;exponential;0.280000;3600
10281;1313436960;1;euthanasia;0.923567;0.077587;0.923567;0.077587;0;0;0.300000;0.200000;0.005631;exponential;0.280000;3600
26425;1313519160;1;euthanasia;0.923567;0.077587;0.923567;0.077587;0;0;0.300000;0.200000;0.005631;exponential;0.280000;3600
84841;1313797740;1;euthanasia;0.923567;0.077587;0.923567;0.077587;0;0;0.300000;0.200000;0.005631;exponential;0.280000;3600
40629;1313420880;1;euthanasia;0.923567;0.077587;0.923567;0.077587;0;0;0.300000;0.200000;0.005631;exponential;0.280000;3600
32899;1313513940;1;euthanasia;0.923567;0.077587;0.923567;0.077587;0;0;0.300000;0.200000;0.005631;exponential;0.280000;3600
65526;1313417340;1;euthanasia;0.585883;0.415236;0.585883;0.415236;2;2;0.300000;0.200000;0.005631;exponential;0.280000;3600
78062;1313968200;1;euthanasia;0.585883;0.415236;0.585883;0.415236;2;2;0.300000;0.200000;0.005631;exponential;0.280000;3600
71187;1313415180;1;euthanasia;0.585883;0.415236;0.585883;0.415236;2;2;0.300000;0.200000;0.005631;exponential;0.280000;3600
63063;1313419680;1;euthanasia;0.077587;0.923567;0.077587;0.923567;1;1;0.300000;0.200000;0.005631;exponential;0.280000;3600
38927;1313439600;1;euthanasia;0.077587;0.923567;0.077587;0.923567;1;1;0.300000;0.200000;0.005631;exponential;0.280000;3600
36951;1313421600;1;euthanasia;0.585883;0.415236;0.585883;0.415236;2;2;0.300000;0.200000;0.005631;exponential;0.280000;3600
32100;1313435820;1;euthanasia;0.077587;0.923567;0.077587;0.923567;1;1;0.300000;0.200000;0.005631;exponential;0.280000;3600
83184;1313441160;1;euthanasia;0.077587;0.923567;0.077587;0.923567;1;1;0.300000;0.200000;0.005631;exponential;0.280000;3600
13882;1313450820;1;euthanasia;0.077587;0.923567;0.077587;0.923567;1;1;0.300000;0.200000;0.005631;exponential;0.280000;3600
44947;1314035280;1;euthanasia;0.585883;0.415236;0.585883;0.415236;0;0;0.300000;0.200000;0.005631;exponential;0.280000;3600
85596;1327750697;2;euthanasia;0.850595;0.670454;0.886037;0.920786;2;0;0.300000;0.200000;0.005631;exponential;0.280000;3600
25323;1327755029;2;euthanasia;0.769944;0.990287;0.768535;0.708021;2;1;0.300000;0.200000;0.005631;exponential;0.280000;3600
63188;1327756552;2;euthanasia;0.390926;0.690617;0.003992;0.884947;1;0;0.300000;0.200000;0.005631;exponential;0.280000;3600
22931;1327758404;2;euthanasia;0.089928;0.532669;0.006882;0.941936;1;0;0.300000;0.200000;0.005631;exponential;0.280000;3600
75261;1327765843;2;euthanasia;0.932258;0.690776;0.935982;0.931513;2;1;0.300000;0.200000;0.005631;exponential;0.280000;3600
79877;1327750758;2;euthanasia;0.187899;0.602298;0.007531;0.922907;1;1;0.300000;0.200000;0.005631;exponential;0.280000;3600
47230;1327776656;2;euthanasia;0.465850;0.751269;0.000023;0.830304;1;0;0.300000;0.200000;0.005631;exponential;0.280000;3600
51102;1327770231;2;euthanasia;0.860917;0.701558;0.769560;0.858832;2;0;0.300000;0.200000;0.005631;exponential;0.280000;3600
34853;1327756981;2;euthanasia;0.012672;0.311688;0.000000;0.000000;1;1;0.300000;0.200000;0.005631;exponential;0.280000;3600
37617;1327779275;2;euthanasia;0.559843;0.844479;0.441870;0.780074;1;0;0.300000;0.200000;0.005631;exponential;0.280000;3600
88133;1327783125;2;euthanasia;0.992609;0.784177;0.911108;0.822490;2;0;0.300000;0.200000;0.005631;exponential;0.280000;3600
57637;1327759148;2;euthanasia;0.438837;0.551899;0.260961;0.333632;2;0;0.300000;0.200000;0.005631;exponential;0.280000;3600
29914;1327748032;2;euthanasia;0.565674;0.127882;0.482509;0.111599;0;1;0.300000;0.200000;0.005631;exponential;0.280000;3600
73303;1327840779;2;euthanasia;0.831026;0.632636;0.669739;0.558363;2;1;0.300000;0.200000;0.005631;exponential;0.280000;3600
22617;1327754446;2;euthanasia;0.403956;0.367777;0.458342;0.659249;2;1;0.300000;0.200000;0.005631;exponential;0.280000;3600
24760;1327749620;2;euthanasia;0.676460;0.366615;0.892107;0.000113;0;0;0.300000;0.200000;0.005631;exponential;0.280000;3600
61280;1327762152;2;euthanasia;0.681699;0.345732;0.874849;0.000105;0;1;0.300000;0.200000;0.005631;exponential;0.280000;3600
46021;1327766613;2;euthanasia;-1.000000;-1.000000;0.001074;0.849106;1;1;0.300000;0.200000;0.005631;exponential;0.280000;3600
59367;1327852103;2;euthanasia;0.515538;0.196574;0.760876;0.004208;0;1;0.300000;0.200000;0.005631;exponential;0.280000;3600
64772;1327928920;2;euthanasia;0.755137;0.624822;0.825995;0.714523;2;1;0.300000;0.200000;0.005631;exponential;0.280000;3600
58909;1327870827;2;euthanasia;0.306861;0.300084;0.235983;0.230771;2;0;0.300000;0.200000;0.005631;exponential;0.280000;3600
77291;1327863965;2;euthanasia;0.888704;0.703149;0.647540;0.597160;2;0;0.300000;0.200000;0.005631;exponential;0.280000;3600
89827;1327864479;2;euthanasia;0.365718;0.268095;0.849020;0.847434;2;2;0.300000;0.200000;0.005631;exponential;0.280000;3600
66754;1327940487;2;euthanasia;0.447687;0.563193;0.732433;0.783181;2;1;0.300000;0.200000;0.005631;exponential;0.280000;3600
10060;1327863794;2;euthanasia;0.752014;0.956527;0.749839;0.773795;2;1;0.300000;0.200000;0.005631;exponential;0.280000;3600
68633;1327939103;2;euthanasia;0.319912;0.028734;0.879952;0.004006;0;0;0.300000;0.200000;0.005631;exponential;0.280000;3600
77824;1327871101;2;euthanasia;0.514897;0.809564;0.587022;0.843567;1;0;0.300000;0.200000;0.005631;exponential;0.280000;3600
51722;1327953563;2;euthanasia;0.996095;0.775952;0.812783;0.819257;2;1;0.300000;0.200000;0.005631;exponential;0.280000;3600
49294;1327844177;2;euthanasia;0.013034;0.305930;0.012140;0.822921;1;0;0.300000;0.200000;0.005631;exponential;0.280000;3600
31583;1327856670;2;euthanasia;0.481202;0.775090;0.221316;0.387518;1;0;0.300000;0.200000;0.005631;exponential;0.280000;3600
39122;1327843660;2;euthanasia;0.666444;0.873997;0.466794;0.554386;2;1;0.300000;0.200000;0.005631;exponential;0.280000;3600
19844;1328254279;2;euthanasia;0.759915;0.430606;0.831521;0.360969;0;0;0.300000;0.200000;0.005631;exponential;0.280000;3600
72746;1328265908;2;euthanasia;0.030535;0.317696;0.000956;0.669086;1;1;0.300000;0.200000;0.005631;exponential;0.280000;3600
21350;1328265924;2;euthanasia;0.497408;0.829516;0.000012;0.816954;1;1;0.300000;0.200000;0.005631;exponential;0.280000;3600
45539;1328259951;2;euthanasia;0.715407;0.953304;0.958796;0.944124;2;1;0.300000;0.200000;0.005631;exponential;0.280000;3600
78911;1328301948;2;euthanasia;0.861160;0.571070;0.857187;0.568436;0;1;0.300000;0.200000;0.005631;exponential;0.280000;3600
45945;1328267808;2;euthanasia;0.036034;0.322373;0.000872;0.696671;1;1;0.300000;0.200000;0.005631;exponential;0.280000;3600
16495;1327837590;2;euthanasia;0.537146;0.814686;0.592950;0.636955;2;1;0.300000;0.200000;0.005631;exponential;0.280000;3600
44520;1327875281;2;euthanasia;0.458182;0.627728;0.413640;0.566704;2;1;0.300000;0.200000;0.005631;exponential;0.280000;3600
38823;1327841929;2;euthanasia;0.001332;0.300498;0.000420;0.160915;1;2;0.300000;0.200000;0.005631;exponential;0.280000;3600
74916;1328263851;2;euthanasia;0.659550;0.517780;0.890455;0.840465;2;2;0.300000;0.200000;0.005631;exponential;0.280000;3600
63757;1328295943;2;euthanasia;0.533063;0.805914;0.886467;0.881736;2;0;0.300000;0.200000;0.005631;exponential;0.280000;3600
44167;1327922445;2;euthanasia;0.319611;0.666750;0.288218;0.601261;1;1;0.300000;0.200000;0.005631;exponential;0.280000;3600
71700;1328286403;2;euthanasia;0.597783;0.686531;0.332696;0.264918;2;0;0.300000;0.200000;0.005631;exponential;0.280000;3600
52923;1328385752;2;euthanasia;0.504362;0.809291;0.458635;0.787956;1;0;0.300000;0.200000;0.005631;exponential;0.280000;3600
76313;1328384530;2;euthanasia;0.577389;0.151457;0.046112;0.001415;0;2;0.300000;0.200000;0.005631;exponential;0.280000;3600
36143;1328268909;2;euthanasia;0.300020;0.534728;0.145533;0.259384;2;1;0.300000;0.200000;0.005631;exponential;0.280000;3600
86727;1328453040;2;euthanasia;0.729265;0.621412;0.688293;0.823492;2;0;0.300000;0.200000;0.005631;exponential;0.280000;3600
25171;1327846992;2;euthanasia;-1.000000;-1.000000;0.000000;0.000036;1;1;0.300000;0.200000;0.005631;exponential;0.280000;3600
25947;1328474436;2;euthanasia;0.859246;0.542394;0.857422;0.541242;0;2;0.300000;0.200000;0.005631;exponential;0.280000;3600
40997;1328487549;2;euthanasia;0.525224;0.633707;0.879530;0.885040;2;1;0.300000;0.200000;0.005631;exponential;0.280000;3600
30076;1328479114;2;euthanasia;0.760929;0.995370;0.870067;0.824407;2;2;0.300000;0.200000;0.005631;exponential;0.280000;3600
35227;1328494242;2;euthanasia;0.973017;0.783872;0.830387;0.845826;2;1;0.300000;0.200000;0.005631;exponential;0.280000;3600
10841;1328538723;2;euthanasia;0.722142;0.954078;0.824001;0.834041;2;0;0.300000;0.200000;0.005631;exponential;0.280000;3600
46584;1328473921;2;euthanasia;0.757625;0.576792;0.586561;0.544857;2;1;0.300000;0.200000;0.005631;exponential;0.280000;3600
15071;1328477223;2;euthanasia;0.426278;0.137889;0.116691;0.000001;0;0;0.300000;0.200000;0.005631;exponential;0.280000;3600
51675;1327758898;2;euthanasia;0.300691;0.300845;0.000028;0.000028;2;2;0.300000;0.200000;0.005631;exponential;0.280000;3600
18394;1328568837;2;euthanasia;0.661653;0.925821;0.888224;0.948043;2;0;0.300000;0.200000;0.005631;exponential;0.280000;3600
82282;1328268172;2;euthanasia;0.304041;0.424266;0.482509;0.589702;2;1;0.300000;0.200000;0.005631;exponential;0.280000;3600
71627;1328465134;2;euthanasia;0.967063;0.741035;0.973763;0.947156;2;0;0.300000;0.200000;0.005631;exponential;0.280000;3600
22745;1328632874;2;euthanasia;0.607987;0.537972;0.722112;0.757421;2;1;0.300000;0.200000;0.005631;exponential;0.280000;3600
86352;1328440800;2;euthanasia;0.934612;0.730234;0.776730;0.784015;2;2;0.300000;0.200000;0.005631;exponential;0.280000;3600
66991;1328470451;2;euthanasia;0.300166;0.001518;0.296158;0.000001;0;0;0.300000;0.200000;0.005631;exponential;0.280000;3600
50869;1327750271;2;euthanasia;0.709669;0.586717;0.000105;0.000089;2;2;0.300000;0.200000;0.005631;exponential;0.280000;3600
53275;1328491223;2;euthanasia;0.341819;0.326429;0.807099;0.841694;2;1;0.300000;0.200000;0.005631;exponential;0.280000;3600
13799;1328733719;2;euthanasia;0.785389;0.984299;0.935681;0.934856;2;0;0.300000;0.200000;0.005631;exponential;0.280000;3600
75466;1328300223;2;euthanasia;0.299995;0.300000;0.004065;0.004067;2;1;0.300000;0.200000;0.005631;exponential;0.280000;3600
46160;1328469407;2;euthanasia;0.633548;0.727502;0.771569;0.844337;2;0;0.300000;0.200000;0.005631;exponential;0.280000;3600
25494;1328527531;2;euthanasia;0.650686;0.507806;0.137597;0.085390;2;0;0.300000;0.200000;0.005631;exponential;0.280000;3600
34250;1328473079;2;euthanasia;0.510921;0.628287;0.345580;0.424965;2;1;0.300000;0.200000;0.005631;exponential;0.280000;3600
75468;1328387422;2;euthanasia;0.217720;0.593955;0.000224;0.752349;1;1;0.300000;0.200000;0.005631;exponential;0.280000;3600
33094;1328887927;2;euthanasia;0.236786;0.621151;0.030214;0.870948;1;2;0.300000;0.200000;0.005631;exponential;0.280000;3600
18344;1328896593;2;euthanasia;0.379283;0.701235;0.330996;0.934279;1;2;0.300000;0.200000;0.005631;exponential;0.280000;3600
17353;1327759611;2;euthanasia;0.182097;0.463055;0.000045;0.751433;1;0;0.300000;0.200000;0.005631;exponential;0.280000;3600
84625;1328952718;2;euthanasia;0.312059;0.017173;0.922136;0.000490;0;1;0.300000;0.200000;0.005631;exponential;0.280000;3600
52441;1328963169;2;euthanasia;0.533950;0.665124;0.948282;0.941143;2;0;0.300000;0.200000;0.005631;exponential;0.280000;3600
78638;1328986279;2;euthanasia;0.115494;0.549109;0.003002;0.704211;1;1;0.300000;0.200000;0.005631;exponential;0.280000;3600
11692;1328357755;2;euthanasia;0.667208;0.358731;0.306230;0.000000;0;1;0.300000;0.200000;0.005631;exponential;0.280000;3600
52067;1329057496;2;euthanasia;0.565706;0.626502;0.847930;0.847241;2;0;0.300000;0.200000;0.005631;exponential;0.280000;3600
46771;1328993355;2;euthanasia;0.966848;0.760271;0.940790;0.739780;2;2;0.300000;0.200000;0.005631;exponential;0.280000;3600
55464;1328479616;2;euthanasia;0.656754;0.509936;0.038425;0.038462;2;2;0.300000;0.200000;0.005631;exponential;0.280000;3600
23144;1329131839;2;euthanasia;0.710122;0.964159;0.939842;0.845561;2;1;0.300000;0.200000;0.005631;exponential;0.280000;3600
83568;1328887700;2;euthanasia;0.568894;0.166367;0.435922;0.014682;0;2;0.300000;0.200000;0.005631;exponential;0.280000;3600
32899;1328274739;2;euthanasia;-1.000000;-1.000000;0.327909;0.000000;0;1;0.300000;0.200000;0.005631;exponential;0.280000;3600
57896;1328955990;2;euthanasia;0.355932;0.679615;0.194399;0.699497;1;0;0.300000;0.200000;0.005631;exponential;0.280000;3600
63063;1329170631;2;euthanasia;-1.000000;-1.000000;0.000000;0.765721;1;1;0.300000;0.200000;0.005631;exponential;0.280000;3600
23642;1329240776;2;euthanasia;0.734630;0.919494;0.771308;0.791497;2;2;0.300000;0.200000;0.005631;exponential;0.280000;3600
18420;1327758952;2;euthanasia;0.594941;0.188689;0.000001;0.000000;0;0;0.300000;0.200000;0.005631;exponential;0.280000;3600
31372;1329228855;2;euthanasia;0.473442;0.763677;0.081896;0.839810;1;1;0.300000;0.200000;0.005631;exponential;0.280000;3600
83184;1328360094;2;euthanasia;-1.000000;-1.000000;0.000000;0.000000;1;1;0.300000;0.200000;0.005631;exponential;0.280000;3600
68494;1329436402;2;euthanasia;0.966637;0.698462;0.974780;0.978222;2;0;0.300000;0.200000;0.005631;exponential;0.280000;3600
71187;1327746207;2;euthanasia;0.000012;0.300006;0.000000;0.354453;1;2;0.300000;0.200000;0.005631;exponential;0.280000;3600
36006;1327749264;2;euthanasia;0.300806;0.300807;0.278124;0.278125;2;0;0.300000;0.200000;0.005631;exponential;0.280000;3600
66245;1329055244;2;euthanasia;0.594525;0.412790;0.000811;0.000563;2;0;0.300000;0.200000;0.005631;exponential;0.280000;3600
96600;1327750862;2;euthanasia;0.941673;0.639761;0.078069;0.005086;0;2;0.300000;0.200000;0.005631;exponential;0.280000;3600
14962;1329676081;2;euthanasia;0.527901;0.703819;0.388743;0.451331;2;2;0.300000;0.200000;0.005631;exponential;0.280000;3600
30952;1328918031;2;euthanasia;0.251155;0.633444;0.025706;0.450872;1;2;0.300000;0.200000;0.005631;exponential;0.280000;3600
82060;1329922974;2;euthanasia;-1.000000;-1.000000;0.932337;0.000000;0;0;0.300000;0.200000;0.005631;exponential;0.280000;3600
62560;1329124009;2;euthanasia;0.786587;0.575063;0.263660;0.426536;2;1;0.300000;0.200000;0.005631;exponential;0.280000;3600
86610;1329921967;2;euthanasia;-1.000000;-1.000000;0.934423;0.009026;0;2;0.300000;0.200000;0.005631;exponential;0.280000;3600
38901;1329925752;2;euthanasia;0.635029;0.936487;0.066097;0.832510;1;1;0.300000;0.200000;0.005631;exponential;0.280000;3600
85970;1327832138;2;euthanasia;0.307449;0.017430;0.100295;0.000159;0;0;0.300000;0.200000;0.005631;exponential;0.280000;3600
88175;1329925040;2;euthanasia;0.009382;0.306334;0.011860;0.756650;1;0;0.300000;0.200000;0.005631;exponential;0.280000;3600
51470;1329936296;2;euthanasia;0.073281;0.386998;0.031816;0.531561;1;0;0.300000;0.200000;0.005631;exponential;0.280000;3600
49597;1330014095;2;euthanasia;0.745864;0.462076;0.663493;0.411046;0;1;0.300000;0.200000;0.005631;exponential;0.280000;3600
32100;1329930136;2;euthanasia;0.300000;0.000000;0.864570;0.000000;0;2;0.300000;0.200000;0.005631;exponential;0.280000;3600
48990;1328613381;2;euthanasia;0.685260;0.320680;0.224677;0.000000;0;1;0.300000;0.200000;0.005631;exponential;0.280000;3600
39701;1329924477;2;euthanasia;0.599886;0.255160;0.000811;0.000345;0;0;0.300000;0.200000;0.005631;exponential;0.280000;3600
71518;1327755593;2;euthanasia;0.307183;0.014613;0.020897;0.000593;0;1;0.300000;0.200000;0.005631;exponential;0.280000;3600
25544;1330090531;2;euthanasia;0.400892;0.771804;0.016692;0.650504;1;1;0.300000;0.200000;0.005631;exponential;0.280000;3600
86237;1329924872;2;euthanasia;0.380131;0.672763;0.000024;0.088180;1;1;0.300000;0.200000;0.005631;exponential;0.280000;3600
67947;1330117829;2;euthanasia;0.501008;0.828852;0.222499;0.785625;1;1;0.300000;0.200000;0.005631;exponential;0.280000;3600
39783;1330168312;2;euthanasia;0.854666;0.684951;0.873404;0.845928;2;2;0.300000;0.200000;0.005631;exponential;0.280000;3600
86009;1329988934;2;euthanasia;0.000185;0.300042;0.000173;0.710625;1;0;0.300000;0.200000;0.005631;exponential;0.280000;3600
68533;1329924474;2;euthanasia;0.155097;0.536126;0.000000;0.000059;1;1;0.300000;0.200000;0.005631;exponential;0.280000;3600
48429;1329922184;2;euthanasia;0.598115;0.314247;0.528516;0.277680;0;1;0.300000;0.200000;0.005631;exponential;0.280000;3600
26425;1330217794;2;euthanasia;0.461885;0.177332;0.691099;0.011336;0;0;0.300000;0.200000;0.005631;exponential;0.280000;3600
52615;1327745530;2;euthanasia;0.306146;0.014693;0.003320;0.000159;0;1;0.300000;0.200000;0.005631;exponential;0.280000;3600
84472;1330020197;2;euthanasia;-1.000000;-1.000000;0.000000;0.441249;1;1;0.300000;0.200000;0.005631;exponential;0.280000;3600
40557;1329922795;2;euthanasia;0.636673;0.325184;0.870892;0.058491;0;2;0.300000;0.200000;0.005631;exponential;0.280000;3600
11360;1330446642;2;euthanasia;0.772334;0.967877;0.900505;0.843661;2;1;0.300000;0.200000;0.005631;exponential;0.280000;3600
45292;1330446935;2;euthanasia;0.718561;0.918885;0.932116;0.965560;2;1;0.300000;0.200000;0.005631;exponential;0.280000;3600
66052;1327849204;2;euthanasia;0.596090;0.731618;0.000022;0.000023;2;2;0.300000;0.200000;0.005631;exponential;0.280000;3600
19066;1330504723;2;euthanasia;0.165378;0.510414;0.006186;0.078655;1;2;0.300000;0.200000;0.005631;exponential;0.280000;3600
80058;1329958101;2;euthanasia;0.939817;0.754054;0.133985;0.133321;2;1;0.300000;0.200000;0.005631;exponential;0.280000;3600
36951;1329947628;2;euthanasia;0.000000;0.300000;0.000000;0.506762;1;1;0.300000;0.200000;0.005631;exponential;0.280000;3600
10281;1328890538;2;euthanasia;0.693389;0.869754;0.000000;0.000000;2;0;0.300000;0.200000;0.005631;exponential;0.280000;3600
13116;1330528096;2;euthanasia;0.837014;0.682320;0.521468;0.529972;2;2;0.300000;0.200000;0.005631;exponential;0.280000;3600
51597;1328453584;2;euthanasia;0.013460;0.306587;0.003744;0.734411;1;1;0.300000;0.200000;0.005631;exponential;0.280000;3600
51552;1330608722;2;euthanasia;0.009653;0.306959;0.000000;0.427082;1;1;0.300000;0.200000;0.005631;exponential;0.280000;3600
77023;1330475480;2;euthanasia;0.227928;0.638820;0.034323;0.209238;1;1;0.300000;0.200000;0.005631;exponential;0.280000;3600
38893;1328268175;2;euthanasia;0.355108;0.055795;0.000000;0.000000;0;0;0.300000;0.200000;0.005631;exponential;0.280000;3600
26127;1330474039;2;euthanasia;0.368880;0.690619;0.185438;0.466887;1;0;0.300000;0.200000;0.005631;exponential;0.280000;3600
69669;1327759318;2;euthanasia;0.000000;0.300000;0.000000;0.261133;1;1;0.300000;0.200000;0.005631;exponential;0.280000;3600
62555;1330038424;2;euthanasia;0.446379;0.765552;0.011498;0.139591;1;1;0.300000;0.200000;0.005631;exponential;0.280000;3600
84215;1329503100;2;euthanasia;0.300072;0.421631;0.000018;0.000013;2;1;0.300000;0.200000;0.005631;exponential;0.280000;3600
78966;1327777737;2;euthanasia;-1.000000;-1.000000;0.000000;0.000000;1;1;0.300000;0.200000;0.005631;exponential;0.280000;3600
52635;1327843765;2;euthanasia;0.510305;0.656007;0.000000;0.000000;2;1;0.300000;0.200000;0.005631;exponential;0.280000;3600
66404;1327929461;2;euthanasia;0.768897;0.447034;0.000187;0.000000;0;1;0.300000;0.200000;0.005631;exponential;0.280000;3600
73175;1328279727;2;euthanasia;0.267094;0.664675;0.000000;0.000000;1;2;0.300000;0.200000;0.005631;exponential;0.280000;3600
75178;1328890044;2;euthanasia;0.290628;0.684387;0.026023;0.069760;1;1;0.300000;0.200000;0.005631;exponential;0.280000;3600
14188;1328963330;2;euthanasia;0.248667;0.554128;0.007926;0.722757;1;1;0.300000;0.200000;0.005631;exponential;0.280000;3600
32174;1330027991;2;euthanasia;0.300310;0.300541;0.000000;0.000000;2;2;0.300000;0.200000;0.005631;exponential;0.280000;3600
10353;1327787232;2;euthanasia;0.321092;0.023570;0.000001;0.000000;0;1;0.300000;0.200000;0.005631;exponential;0.280000;3600
50181;1329319627;2;euthanasia;0.643501;0.857374;0.000040;0.000053;2;2;0.300000;0.200000;0.005631;exponential;0.280000;3600
16313;1327850254;2;euthanasia;-1.000000;-1.000000;0.000000;0.000000;1;1;0.300000;0.200000;0.005631;exponential;0.280000;3600
26999;1330093879;2;euthanasia;0.003480;0.302548;0.000080;0.006969;1;2;0.300000;0.200000;0.005631;exponential;0.280000;3600
11023;1328967627;2;euthanasia;0.497279;0.199741;0.000000;0.000000;0;2;0.300000;0.200000;0.005631;exponential;0.280000;3600
78062;1328919707;2;euthanasia;0.881327;0.674893;0.000005;0.000003;2;1;0.300000;0.200000;0.005631;exponential;0.280000;3600
22540;1330518324;2;euthanasia;-1.000000;-1.000000;0.000000;0.000000;1;1;0.300000;0.200000;0.005631;exponential;0.280000;3600
46654;1330259650;2;euthanasia;0.300392;0.300513;0.000057;0.000057;2;2;0.300000;0.200000;0.005631;exponential;0.280000;3600
59367;1336574001;3;euthanasia;0.917595;0.743227;0.896422;0.827392;2;2;0.300000;0.200000;0.005631;exponential;0.280000;3600
51722;1336586914;3;euthanasia;0.974188;0.742006;0.908760;0.968700;2;2;0.300000;0.200000;0.005631;exponential;0.280000;3600
85596;1336593648;3;euthanasia;-1.000000;-1.000000;0.981696;0.968153;2;0;0.300000;0.200000;0.005631;exponential;0.280000;3600
66754;1336563346;3;euthanasia;0.249890;0.665120;0.000004;0.657875;1;1;0.300000;0.200000;0.005631;exponential;0.280000;3600
76313;1336633520;3;euthanasia;0.357752;0.708096;0.300755;0.668906;1;2;0.300000;0.200000;0.005631;exponential;0.280000;3600
72746;1336566095;3;euthanasia;0.358851;0.666346;0.316552;0.740472;1;1;0.300000;0.200000;0.005631;exponential;0.280000;3600
45945;1336602107;3;euthanasia;0.547254;0.863214;0.458771;0.799171;1;0;0.300000;0.200000;0.005631;exponential;0.280000;3600
62555;1336675529;3;euthanasia;-1.000000;-1.000000;0.000000;0.690255;1;1;0.300000;0.200000;0.005631;exponential;0.280000;3600
75178;1336590189;3;euthanasia;0.676560;0.509962;0.152022;0.183201;2;1;0.300000;0.200000;0.005631;exponential;0.280000;3600
25544;1336560315;3;euthanasia;0.316430;0.640547;0.002983;0.193273;1;0;0.300000;0.200000;0.005631;exponential;0.280000;3600
26999;1336577665;3;euthanasia;-1.000000;-1.000000;0.000000;0.039522;1;2;0.300000;0.200000;0.005631;exponential;0.280000;3600
52635;1336552266;3;euthanasia;0.829226;0.651627;0.002744;0.002829;2;1;0.300000;0.200000;0.005631;exponential;0.280000;3600
19844;1336727911;3;euthanasia;0.752341;0.971807;0.960337;0.956291;2;2;0.300000;0.200000;0.005631;exponential;0.280000;3600
46771;1336680916;3;euthanasia;0.734454;0.974551;0.586089;0.805101;2;0;0.300000;0.200000;0.005631;exponential;0.280000;3600
40997;1336827286;3;euthanasia;-1.000000;-1.000000;0.918403;0.931400;2;1;0.300000;0.200000;0.005631;exponential;0.280000;3600
78911;1336918876;3;euthanasia;0.697477;0.868045;0.947592;0.884190;2;1;0.300000;0.200000;0.005631;exponential;0.280000;3600
51102;1336776553;3;euthanasia;-1.000000;-1.000000;0.916604;0.944097;2;0;0.300000;0.200000;0.005631;exponential;0.280000;3600
39783;1336820035;3;euthanasia;0.595999;0.719621;0.872525;0.897606;2;2;0.300000;0.200000;0.005631;exponential;0.280000;3600
24853;1337000193;3;euthanasia;0.076395;0.367063;0.035658;0.902337;1;0;0.300000;0.200000;0.005631;exponential;0.280000;3600
52923;1336868651;3;euthanasia;0.697902;0.952557;0.520134;0.703255;2;0;0.300000;0.200000;0.005631;exponential;0.280000;3600
31583;1337022549;3;euthanasia;0.544998;0.847730;0.053506;0.971995;1;0;0.300000;0.200000;0.005631;exponential;0.280000;3600
22745;1337020706;3;euthanasia;0.475903;0.631325;0.904837;0.901798;2;1;0.300000;0.200000;0.005631;exponential;0.280000;3600
39122;1336860453;3;euthanasia;0.256498;0.658346;0.170380;0.437310;1;1;0.300000;0.200000;0.005631;exponential;0.280000;3600
79877;1336919585;3;euthanasia;-1.000000;-1.000000;0.000031;0.965431;1;1;0.300000;0.200000;0.005631;exponential;0.280000;3600
63188;1336948552;3;euthanasia;0.368850;0.723519;0.072535;0.884912;1;2;0.300000;0.200000;0.005631;exponential;0.280000;3600
86352;1336995604;3;euthanasia;0.898512;0.708994;0.763007;0.735573;2;2;0.300000;0.200000;0.005631;exponential;0.280000;3600
16495;1337120593;3;euthanasia;0.396239;0.524616;0.951959;0.919647;2;1;0.300000;0.200000;0.005631;exponential;0.280000;3600
13799;1337187185;3;euthanasia;0.998320;0.777937;0.926571;0.927072;2;0;0.300000;0.200000;0.005631;exponential;0.280000;3600
23642;1337094884;3;euthanasia;0.424891;0.712659;0.097966;0.578920;1;2;0.300000;0.200000;0.005631;exponential;0.280000;3600
68494;1337196295;3;euthanasia;0.666564;0.838123;0.918293;0.996882;2;0;0.300000;0.200000;0.005631;exponential;0.280000;3600
46021;1337180165;3;euthanasia;-1.000000;-1.000000;0.000550;0.702634;1;1;0.300000;0.200000;0.005631;exponential;0.280000;3600
14188;1337013795;3;euthanasia;-1.000000;-1.000000;0.000000;0.304031;1;1;0.300000;0.200000;0.005631;exponential;0.280000;3600
75261;1337205924;3;euthanasia;-1.000000;-1.000000;0.958059;0.950686;2;1;0.300000;0.200000;0.005631;exponential;0.280000;3600
18394;1337177251;3;euthanasia;0.954628;0.770318;0.621841;0.474319;2;0;0.300000;0.200000;0.005631;exponential;0.280000;3600
45292;1337070674;3;euthanasia;0.652840;0.569183;0.504939;0.631990;2;2;0.300000;0.200000;0.005631;exponential;0.280000;3600
64772;1336956271;3;euthanasia;-1.000000;-1.000000;0.756860;0.573522;2;2;0.300000;0.200000;0.005631;exponential;0.280000;3600
51597;1337285904;3;euthanasia;-1.000000;-1.000000;0.197857;0.353995;1;1;0.300000;0.200000;0.005631;exponential;0.280000;3600
74916;1336998365;3;euthanasia;0.913426;0.729297;0.456975;0.453488;2;2;0.300000;0.200000;0.005631;exponential;0.280000;3600
88133;1337359543;3;euthanasia;0.987467;0.764467;0.990293;0.988703;2;0;0.300000;0.200000;0.005631;exponential;0.280000;3600
45000;1337378920;3;euthanasia;0.784592;0.975337;0.955673;0.915053;2;1;0.300000;0.200000;0.005631;exponential;0.280000;3600
11360;1337362943;3;euthanasia;0.809371;0.667586;0.941543;0.813625;2;1;0.300000;0.200000;0.005631;exponential;0.280000;3600
55464;1337373947;3;euthanasia;0.407892;0.709250;0.365569;0.989085;1;2;0.300000;0.200000;0.005631;exponential;0.280000;3600
71627;1337391948;3;euthanasia;-1.000000;-1.000000;0.908650;0.947404;2;0;0.300000;0.200000;0.005631;exponential;0.280000;3600
82282;1337374908;3;euthanasia;0.986315;0.708079;0.964391;0.966160;2;1;0.300000;0.200000;0.005631;exponential;0.280000;3600
25494;1337363487;3;euthanasia;0.711869;0.893404;0.053775;0.062325;2;1;0.300000;0.200000;0.005631;exponential;0.280000;3600
52067;1337125133;3;euthanasia;0.920867;0.685033;0.437439;0.462951;2;2;0.300000;0.200000;0.005631;exponential;0.280000;3600
57637;1337028146;3;euthanasia;0.312994;0.597373;0.012321;0.584288;1;0;0.300000;0.200000;0.005631;exponential;0.280000;3600
23144;1336852782;3;euthanasia;0.563288;0.856187;0.147557;0.831975;1;1;0.300000;0.200000;0.005631;exponential;0.280000;3600
46160;1337303181;3;euthanasia;0.437345;0.724721;0.072601;0.444447;1;0;0.300000;0.200000;0.005631;exponential;0.280000;3600
89827;1337272402;3;euthanasia;0.287691;0.679391;0.000001;0.466243;1;2;0.300000;0.200000;0.005631;exponential;0.280000;3600
82060;1337437697;3;euthanasia;0.935721;0.742744;0.801224;0.798418;2;2;0.300000;0.200000;0.005631;exponential;0.280000;3600
10841;1337340508;3;euthanasia;0.700574;0.533722;0.877374;0.897845;2;0;0.300000;0.200000;0.005631;exponential;0.280000;3600
75468;1337356177;3;euthanasia;-1.000000;-1.000000;0.000000;0.053423;1;1;0.300000;0.200000;0.005631;exponential;0.280000;3600
38901;1337191217;3;euthanasia;0.740917;0.917647;0.590746;0.584758;2;0;0.300000;0.200000;0.005631;exponential;0.280000;3600
52441;1337431960;3;euthanasia;0.702535;0.896525;0.776291;0.775553;2;0;0.300000;0.200000;0.005631;exponential;0.280000;3600
45539;1337520124;3;euthanasia;0.999124;0.793286;0.944981;0.945014;2;1;0.300000;0.200000;0.005631;exponential;0.280000;3600
63757;1337522544;3;euthanasia;0.619817;0.802019;0.561192;0.527105;2;0;0.300000;0.200000;0.005631;exponential;0.280000;3600
37617;1337434213;3;euthanasia;0.706789;0.914895;0.543035;0.745435;2;0;0.300000;0.200000;0.005631;exponential;0.280000;3600
86610;1337540758;3;euthanasia;0.571337;0.787801;0.965402;0.964385;2;0;0.300000;0.200000;0.005631;exponential;0.280000;3600
62560;1337598231;3;euthanasia;0.349394;0.658370;0.028321;0.537986;1;1;0.300000;0.200000;0.005631;exponential;0.280000;3600
26127;1337308468;3;euthanasia;-1.000000;-1.000000;0.000004;0.597607;1;0;0.300000;0.200000;0.005631;exponential;0.280000;3600
68533;1337013227;3;euthanasia;-1.000000;-1.000000;0.000000;0.730571;1;1;0.300000;0.200000;0.005631;exponential;0.280000;3600
10060;1337275340;3;euthanasia;0.781994;0.988826;0.447727;0.449343;2;1;0.300000;0.200000;0.005631;exponential;0.280000;3600
33094;1337687215;3;euthanasia;0.654042;0.885785;0.263368;0.257989;2;2;0.300000;0.200000;0.005631;exponential;0.280000;3600
78638;1337614558;3;euthanasia;0.471455;0.784271;0.142113;0.571205;1;1;0.300000;0.200000;0.005631;exponential;0.280000;3600
66245;1337076316;3;euthanasia;0.299997;0.609507;0.000007;0.608116;1;2;0.300000;0.200000;0.005631;exponential;0.280000;3600
22931;1337345373;3;euthanasia;0.774514;0.527955;0.775304;0.795439;2;0;0.300000;0.200000;0.005631;exponential;0.280000;3600
30076;1337331515;3;euthanasia;0.856580;0.710626;0.810060;0.816888;2;0;0.300000;0.200000;0.005631;exponential;0.280000;3600
25323;1337795852;3;euthanasia;0.912211;0.622847;0.558324;0.324912;0;2;0.300000;0.200000;0.005631;exponential;0.280000;3600
44167;1337130130;3;euthanasia;-1.000000;-1.000000;0.032861;0.639240;1;1;0.300000;0.200000;0.005631;exponential;0.280000;3600
67947;1337353940;3;euthanasia;-1.000000;-1.000000;0.000003;0.575242;1;2;0.300000;0.200000;0.005631;exponential;0.280000;3600
31372;1337031163;3;euthanasia;-1.000000;-1.000000;0.000000;0.752173;1;1;0.300000;0.200000;0.005631;exponential;0.280000;3600
50869;1336576898;3;euthanasia;0.514273;0.797218;0.001528;0.324797;1;1;0.300000;0.200000;0.005631;exponential;0.280000;3600
71782;1337376347;3;euthanasia;0.645239;0.548526;0.665912;0.560065;2;2;0.300000;0.200000;0.005631;exponential;0.280000;3600
51552;1337020749;3;euthanasia;-1.000000;-1.000000;0.000000;0.006023;1;1;0.300000;0.200000;0.005631;exponential;0.280000;3600
17353;1337293320;3;euthanasia;0.363390;0.698704;0.051990;0.175568;1;0;0.300000;0.200000;0.005631;exponential;0.280000;3600
71700;1337355687;3;euthanasia;0.276644;0.617935;0.000000;0.252833;1;0;0.300000;0.200000;0.005631;exponential;0.280000;3600
32899;1336993913;3;euthanasia;0.940367;0.682768;0.643448;0.467185;2;1;0.300000;0.200000;0.005631;exponential;0.280000;3600
22617;1336946052;3;euthanasia;0.699282;0.897213;0.460827;0.635854;2;1;0.300000;0.200000;0.005631;exponential;0.280000;3600
13116;1337001723;3;euthanasia;0.384793;0.373118;0.074126;0.040054;2;2;0.300000;0.200000;0.005631;exponential;0.280000;3600
86727;1337359422;3;euthanasia;0.897713;0.705366;0.716769;0.699712;2;0;0.300000;0.200000;0.005631;exponential;0.280000;3600
77824;1337295197;3;euthanasia;0.648165;0.868968;0.356775;0.522316;2;0;0.300000;0.200000;0.005631;exponential;0.280000;3600
49294;1337596942;3;euthanasia;0.090915;0.414811;0.000249;0.030916;1;2;0.300000;0.200000;0.005631;exponential;0.280000;3600
83568;1338487782;3;euthanasia;-1.000000;-1.000000;0.029654;0.000000;0;1;0.300000;0.200000;0.005631;exponential;0.280000;3600
25947;1338493830;3;euthanasia;0.535594;0.675382;0.455467;0.639154;2;2;0.300000;0.200000;0.005631;exponential;0.280000;3600
29914;1338542112;3;euthanasia;0.891125;0.590452;0.086337;0.043096;0;1;0.300000;0.200000;0.005631;exponential;0.280000;3600
46584;1337277965;3;euthanasia;0.738425;0.934129;0.476253;0.476115;2;2;0.300000;0.200000;0.005631;exponential;0.280000;3600
53275;1337362889;3;euthanasia;0.653835;0.839042;0.347648;0.417485;2;1;0.300000;0.200000;0.005631;exponential;0.280000;3600
86237;1338499967;3;euthanasia;0.300315;0.691306;0.013435;0.030927;1;1;0.300000;0.200000;0.005631;exponential;0.280000;3600
63063;1337355485;3;euthanasia;0.359910;0.300030;0.025849;0.021549;2;1;0.300000;0.200000;0.005631;exponential;0.280000;3600
38823;1337007188;3;euthanasia;-1.000000;-1.000000;0.000000;0.016486;1;0;0.300000;0.200000;0.005631;exponential;0.280000;3600
41393;1328507756;2;euthanasia;-1.000000;-1.000000;0.000075;0.000000;0;2;0.300000;0.200000;0.005631;exponential;0.280000;3600
41393;1337379123;3;euthanasia;-1.000000;-1.000000;0.000000;0.000000;0;2;0.300000;0.200000;0.005631;exponential;0.280000;3600
30952;1337114540;3;euthanasia;0.452871;0.748602;0.005350;0.818395;1;1;0.300000;0.200000;0.005631;exponential;0.280000;3600
66991;1337125945;3;euthanasia;0.300045;0.293411;0.021337;0.020734;2;0;0.300000;0.200000;0.005631;exponential;0.280000;3600
44956;1336683732;3;euthanasia;0.479350;0.816767;0.471659;0.803663;1;0;0.300000;0.200000;0.005631;exponential;0.280000;3600
84472;1337268695;3;euthanasia;0.941502;0.647627;0.386058;0.260695;0;1;0.300000;0.200000;0.005631;exponential;0.280000;3600
26425;1336551055;3;euthanasia;0.132975;0.510135;0.000268;0.266325;1;2;0.300000;0.200000;0.005631;exponential;0.280000;3600
48990;1337353560;3;euthanasia;-1.000000;-1.000000;0.293243;0.000000;0;2;0.300000;0.200000;0.005631;exponential;0.280000;3600
11692;1337271301;3;euthanasia;0.864611;0.564759;0.314497;0.000020;0;2;0.300000;0.200000;0.005631;exponential;0.280000;3600
71187;1337361782;3;euthanasia;0.695623;0.390090;0.261035;0.091742;0;2;0.300000;0.200000;0.005631;exponential;0.280000;3600
88175;1337368507;3;euthanasia;-1.000000;-1.000000;0.000000;0.336026;1;2;0.300000;0.200000;0.005631;exponential;0.280000;3600
32100;1336929186;3;euthanasia;0.890362;0.713457;0.304470;0.305549;2;1;0.300000;0.200000;0.005631;exponential;0.280000;3600
20905;1337360416;3;euthanasia;0.786253;0.630107;0.638008;0.617563;2;1;0.300000;0.200000;0.005631;exponential;0.280000;3600
58909;1336765258;3;euthanasia;0.388986;0.657207;0.263134;0.289467;2;2;0.300000;0.200000;0.005631;exponential;0.280000;3600
66404;1336771984;3;euthanasia;-1.000000;-1.000000;0.063880;0.000000;0;2;0.300000;0.200000;0.005631;exponential;0.280000;3600
80058;1337367550;3;euthanasia;0.313513;0.020136;0.025608;0.000026;0;0;0.300000;0.200000;0.005631;exponential;0.280000;3600
60830;1337029959;3;euthanasia;0.590561;0.724778;0.453883;0.461122;2;1;0.300000;0.200000;0.005631;exponential;0.280000;3600
57896;1336940424;3;euthanasia;-1.000000;-1.000000;0.002959;0.626492;1;0;0.300000;0.200000;0.005631;exponential;0.280000;3600
49597;1339069336;3;euthanasia;0.566171;0.786710;0.010342;0.008554;2;0;0.300000;0.200000;0.005631;exponential;0.280000;3600
77023;1339365193;3;euthanasia;-1.000000;-1.000000;0.000000;0.000506;1;1;0.300000;0.200000;0.005631;exponential;0.280000;3600
51675;1337376230;3;euthanasia;0.656378;0.300076;0.002966;0.001356;0;0;0.300000;0.200000;0.005631;exponential;0.280000;3600
51722;1345456444;4;euthanasia;0.911591;0.611956;0.934059;0.007755;0;1;0.300000;0.200000;0.005631;exponential;0.280000;3600
23642;1345458769;4;euthanasia;0.339493;0.653941;0.277545;0.867667;1;2;0.300000;0.200000;0.005631;exponential;0.280000;3600
78911;1345459833;4;euthanasia;0.640016;0.320866;0.925207;0.000489;0;1;0.300000;0.200000;0.005631;exponential;0.280000;3600
85596;1345463402;4;euthanasia;0.898652;0.581927;0.974629;0.008028;0;0;0.300000;0.200000;0.005631;exponential;0.280000;3600
59367;1345465352;4;euthanasia;0.602084;0.170903;0.819230;0.000009;0;2;0.300000;0.200000;0.005631;exponential;0.280000;3600
10841;1345464743;4;euthanasia;0.657030;0.896110;0.955424;0.955549;2;0;0.300000;0.200000;0.005631;exponential;0.280000;3600
22745;1345460151;4;euthanasia;0.369772;0.686096;0.000170;0.861214;1;2;0.300000;0.200000;0.005631;exponential;0.280000;3600
40997;1345464589;4;euthanasia;0.300089;0.166059;0.941735;0.937284;2;1;0.300000;0.200000;0.005631;exponential;0.280000;3600
86352;1345489768;4;euthanasia;0.724525;0.920546;0.922170;0.948410;2;2;0.300000;0.200000;0.005631;exponential;0.280000;3600
10060;1345458887;4;euthanasia;0.567292;0.131553;0.900188;0.007981;0;1;0.300000;0.200000;0.005631;exponential;0.280000;3600
61280;1337629521;3;euthanasia;0.374244;0.562450;0.069119;0.069152;2;0;0.300000;0.200000;0.005631;exponential;0.280000;3600
49597;1345453491;4;euthanasia;0.000001;0.300000;0.000000;0.811839;1;2;0.300000;0.200000;0.005631;exponential;0.280000;3600
13896;1330269386;2;euthanasia;0.007986;0.301581;0.000028;0.078317;1;1;0.300000;0.200000;0.005631;exponential;0.280000;3600
13896;1337347911;3;euthanasia;-1.000000;-1.000000;0.000000;0.000001;1;1;0.300000;0.200000;0.005631;exponential;0.280000;3600
31583;1345462729;4;euthanasia;0.300000;0.000101;0.614672;0.000046;0;0;0.300000;0.200000;0.005631;exponential;0.280000;3600
73303;1337103993;3;euthanasia;0.317340;0.263891;0.194545;0.161777;2;2;0.300000;0.200000;0.005631;exponential;0.280000;3600
63188;1345470749;4;euthanasia;-1.000000;-1.000000;0.000000;0.316087;1;1;0.300000;0.200000;0.005631;exponential;0.280000;3600
10281;1337005035;3;euthanasia;0.300125;0.000496;0.030378;0.000050;0;0;0.300000;0.200000;0.005631;exponential;0.280000;3600
60830;1345503984;4;euthanasia;0.656983;0.299990;0.837901;0.420272;0;2;0.300000;0.200000;0.005631;exponential;0.280000;3600
29914;1345539438;4;euthanasia;-1.000000;-1.000000;0.787206;0.000001;0;1;0.300000;0.200000;0.005631;exponential;0.280000;3600
38901;1345494517;4;euthanasia;0.349691;0.679604;0.000001;0.868757;1;0;0.300000;0.200000;0.005631;exponential;0.280000;3600
16495;1345488151;4;euthanasia;0.581811;0.148653;0.071955;0.000002;0;1;0.300000;0.200000;0.005631;exponential;0.280000;3600
39122;1345453874;4;euthanasia;0.300002;0.000004;0.482566;0.000003;0;1;0.300000;0.200000;0.005631;exponential;0.280000;3600
84472;1345498934;4;euthanasia;-1.000000;-1.000000;0.300339;0.000001;0;1;0.300000;0.200000;0.005631;exponential;0.280000;3600
46021;1345492729;4;euthanasia;-1.000000;-1.000000;0.000000;0.868622;1;1;0.300000;0.200000;0.005631;exponential;0.280000;3600
71700;1345452477;4;euthanasia;-1.000000;-1.000000;0.000000;0.000005;1;0;0.300000;0.200000;0.005631;exponential;0.280000;3600
57637;1345559776;4;euthanasia;-1.000000;-1.000000;0.000000;0.901959;1;0;0.300000;0.200000;0.005631;exponential;0.280000;3600
77824;1345449519;4;euthanasia;0.338526;0.300034;0.629207;0.641542;2;0;0.300000;0.200000;0.005631;exponential;0.280000;3600
50947;1337326436;3;euthanasia;0.732034;0.447798;0.153369;0.093818;0;0;0.300000;0.200000;0.005631;exponential;0.280000;3600
50947;1345578331;4;euthanasia;-1.000000;-1.000000;0.000000;0.000000;0;0;0.300000;0.200000;0.005631;exponential;0.280000;3600
19066;1337097385;3;euthanasia;-1.000000;-1.000000;0.000000;0.382660;1;0;0.300000;0.200000;0.005631;exponential;0.280000;3600
51102;1345634328;4;euthanasia;0.323219;0.710018;0.000133;0.878680;1;0;0.300000;0.200000;0.005631;exponential;0.280000;3600
15071;1336913076;3;euthanasia;0.496293;0.645028;0.301585;0.391967;2;2;0.300000;0.200000;0.005631;exponential;0.280000;3600
79877;1345555835;4;euthanasia;-1.000000;-1.000000;0.000000;0.979973;1;2;0.300000;0.200000;0.005631;exponential;0.280000;3600
32899;1345653944;4;euthanasia;0.000235;0.300010;0.000010;0.759938;1;1;0.300000;0.200000;0.005631;exponential;0.280000;3600
75178;1345466583;4;euthanasia;0.693818;0.955451;0.000001;0.000001;2;1;0.300000;0.200000;0.005631;exponential;0.280000;3600
86727;1345628140;4;euthanasia;0.122152;0.570102;0.000043;0.924610;1;0;0.300000;0.200000;0.005631;exponential;0.280000;3600
71518;1337275195;3;euthanasia;-1.000000;-1.000000;0.276325;0.000000;0;1;0.300000;0.200000;0.005631;exponential;0.280000;3600
71518;1345474117;4;euthanasia;-1.000000;-1.000000;0.000001;0.000000;0;1;0.300000;0.200000;0.005631;exponential;0.280000;3600
32174;1337300029;3;euthanasia;0.000000;0.300000;0.000000;0.029702;1;2;0.300000;0.200000;0.005631;exponential;0.280000;3600
36143;1337026477;3;euthanasia;0.035394;0.338997;0.000636;0.114042;1;1;0.300000;0.200000;0.005631;exponential;0.280000;3600
57896;1345450292;4;euthanasia;-1.000000;-1.000000;0.000000;0.453634;1;0;0.300000;0.200000;0.005631;exponential;0.280000;3600
34250;1337175775;3;euthanasia;0.408305;0.449646;0.266292;0.235162;2;1;0.300000;0.200000;0.005631;exponential;0.280000;3600
52635;1345453216;4;euthanasia;0.297901;0.655963;0.269981;0.594482;1;1;0.300000;0.200000;0.005631;exponential;0.280000;3600
50181;1337381696;3;euthanasia;0.000000;0.300000;0.000000;0.229683;1;2;0.300000;0.200000;0.005631;exponential;0.280000;3600
50181;1345468511;4;euthanasia;-1.000000;-1.000000;0.000000;0.000001;1;2;0.300000;0.200000;0.005631;exponential;0.280000;3600
25544;1345627288;4;euthanasia;-1.000000;-1.000000;0.000000;0.511773;1;0;0.300000;0.200000;0.005631;exponential;0.280000;3600
22617;1345549177;4;euthanasia;0.046618;0.345026;0.000001;0.386219;1;1;0.300000;0.200000;0.005631;exponential;0.280000;3600
35227;1345811516;4;euthanasia;-1.000000;-1.000000;0.945525;0.932199;2;1;0.300000;0.200000;0.005631;exponential;0.280000;3600
19844;1345802836;4;euthanasia;0.809101;0.607057;0.839210;0.774685;2;0;0.300000;0.200000;0.005631;exponential;0.280000;3600
72746;1345795390;4;euthanasia;0.618522;0.912871;0.000000;0.691386;1;1;0.300000;0.200000;0.005631;exponential;0.280000;3600
44956;1345545386;4;euthanasia;-1.000000;-1.000000;0.000000;0.017288;1;1;0.300000;0.200000;0.005631;exponential;0.280000;3600
52067;1345815912;4;euthanasia;0.278730;0.630827;0.000087;0.887186;1;0;0.300000;0.200000;0.005631;exponential;0.280000;3600
24853;1345803852;4;euthanasia;-1.000000;-1.000000;0.314935;0.600563;1;0;0.300000;0.200000;0.005631;exponential;0.280000;3600
13799;1345887134;4;euthanasia;0.227244;0.622510;0.000033;0.959614;1;0;0.300000;0.200000;0.005631;exponential;0.280000;3600
76313;1345475894;4;euthanasia;0.500968;0.746967;0.000001;0.000001;2;1;0.300000;0.200000;0.005631;exponential;0.280000;3600
86610;1345922512;4;euthanasia;-1.000000;-1.000000;0.954379;0.966145;2;2;0.300000;0.200000;0.005631;exponential;0.280000;3600
38823;1345575522;4;euthanasia;-1.000000;-1.000000;0.000000;0.457141;1;0;0.300000;0.200000;0.005631;exponential;0.280000;3600
14188;1345461077;4;euthanasia;-1.000000;-1.000000;0.000000;0.000015;1;1;0.300000;0.200000;0.005631;exponential;0.280000;3600
51552;1345897399;4;euthanasia;-1.000000;-1.000000;0.000000;0.000055;1;1;0.300000;0.200000;0.005631;exponential;0.280000;3600
30076;1345966928;4;euthanasia;0.834681;0.513444;0.808673;0.140009;0;0;0.300000;0.200000;0.005631;exponential;0.280000;3600
45539;1345983239;4;euthanasia;0.475162;0.815956;0.000059;0.948274;1;2;0.300000;0.200000;0.005631;exponential;0.280000;3600
51470;1345991841;4;euthanasia;0.540391;0.233102;0.928648;0.000000;0;0;0.300000;0.200000;0.005631;exponential;0.280000;3600
88133;1345993118;4;euthanasia;0.651296;0.915831;0.879268;0.892008;2;2;0.300000;0.200000;0.005631;exponential;0.280000;3600
45945;1345985525;4;euthanasia;0.424714;0.760628;0.272618;0.882345;1;0;0.300000;0.200000;0.005631;exponential;0.280000;3600
32100;1345477269;4;euthanasia;0.295863;0.300001;0.419454;0.424050;2;1;0.300000;0.200000;0.005631;exponential;0.280000;3600
36951;1336949969;3;euthanasia;-1.000000;-1.000000;0.000000;0.382796;1;1;0.300000;0.200000;0.005631;exponential;0.280000;3600
36951;1345565274;4;euthanasia;-1.000000;-1.000000;0.000000;0.000001;1;1;0.300000;0.200000;0.005631;exponential;0.280000;3600
25171;1337383751;3;euthanasia;-1.000000;-1.000000;0.000000;0.209768;1;1;0.300000;0.200000;0.005631;exponential;0.280000;3600
25171;1345811063;4;euthanasia;-1.000000;-1.000000;0.000000;0.000000;1;1;0.300000;0.200000;0.005631;exponential;0.280000;3600
19066;1345731415;4;euthanasia;-1.000000;-1.000000;0.000000;0.883506;1;0;0.300000;0.200000;0.005631;exponential;0.280000;3600
15071;1345884371;4;euthanasia;0.300000;0.000000;0.802278;0.000000;0;2;0.300000;0.200000;0.005631;exponential;0.280000;3600
75468;1345627536;4;euthanasia;-1.000000;-1.000000;0.000000;0.879595;1;1;0.300000;0.200000;0.005631;exponential;0.280000;3600
36143;1345902697;4;euthanasia;0.300000;0.000000;0.590779;0.000000;0;1;0.300000;0.200000;0.005631;exponential;0.280000;3600
18420;1337515261;3;euthanasia;0.000000;0.300000;0.000000;0.027407;1;0;0.300000;0.200000;0.005631;exponential;0.280000;3600
18420;1345452698;4;euthanasia;-1.000000;-1.000000;0.000000;0.000000;1;0;0.300000;0.200000;0.005631;exponential;0.280000;3600
13116;1345635299;4;euthanasia;0.007868;0.302976;0.000000;0.214211;1;1;0.300000;0.200000;0.005631;exponential;0.280000;3600
66404;1346078573;4;euthanasia;-1.000000;-1.000000;0.328671;0.000000;0;2;0.300000;0.200000;0.005631;exponential;0.280000;3600
41393;1345820149;4;euthanasia;-1.000000;-1.000000;0.311380;0.000000;0;2;0.300000;0.200000;0.005631;exponential;0.280000;3600
68533;1345809505;4;euthanasia;-1.000000;-1.000000;0.000000;0.009804;1;0;0.300000;0.200000;0.005631;exponential;0.280000;3600
86009;1345450846;4;euthanasia;-1.000000;-1.000000;0.000000;0.435406;1;0;0.300000;0.200000;0.005631;exponential;0.280000;3600
68633;1337378464;3;euthanasia;-1.000000;-1.000000;0.371878;0.000000;0;2;0.300000;0.200000;0.005631;exponential;0.280000;3600
84625;1337339609;3;euthanasia;-1.000000;-1.000000;0.391691;0.000718;0;1;0.300000;0.200000;0.005631;exponential;0.280000;3600
36006;1336562283;3;euthanasia;0.016894;0.311826;0.000000;0.028083;1;2;0.300000;0.200000;0.005631;exponential;0.280000;3600
36006;1345463414;4;euthanasia;-1.000000;-1.000000;0.000000;0.000000;1;2;0.300000;0.200000;0.005631;exponential;0.280000;3600
62555;1345887676;4;euthanasia;0.506290;0.642664;0.810092;0.568741;2;2;0.300000;0.200000;0.005631;exponential;0.280000;3600
78966;1336928721;3;euthanasia;0.656996;0.921136;0.198123;0.301331;2;1;0.300000;0.200000;0.005631;exponential;0.280000;3600
78966;1345453998;4;euthanasia;-1.000000;-1.000000;0.000000;0.000000;2;1;0.300000;0.200000;0.005631;exponential;0.280000;3600
66754;1346239370;4;euthanasia;-1.000000;-1.000000;0.000000;0.779584;1;1;0.300000;0.200000;0.005631;exponential;0.280000;3600
58909;1345645212;4;euthanasia;0.436046;0.542444;0.653636;0.700709;2;0;0.300000;0.200000;0.005631;exponential;0.280000;3600
17353;1345800957;4;euthanasia;0.300000;0.551423;0.400746;0.433287;2;0;0.300000;0.200000;0.005631;exponential;0.280000;3600
88175;1346340066;4;euthanasia;-1.000000;-1.000000;0.000000;0.703962;1;2;0.300000;0.200000;0.005631;exponential;0.280000;3600
51597;1345920615;4;euthanasia;0.752232;0.508878;0.734244;0.942108;2;1;0.300000;0.200000;0.005631;exponential;0.280000;3600
46160;1346248641;4;euthanasia;-1.000000;-1.000000;0.141282;0.734232;1;0;0.300000;0.200000;0.005631;exponential;0.280000;3600
26999;1345540463;4;euthanasia;0.501861;0.029904;0.000001;0.000000;0;1;0.300000;0.200000;0.005631;exponential;0.280000;3600
66245;1346160512;4;euthanasia;-1.000000;-1.000000;0.000000;0.506251;1;0;0.300000;0.200000;0.005631;exponential;0.280000;3600
62560;1346492816;4;euthanasia;0.300013;0.003392;0.857643;0.000005;0;1;0.300000;0.200000;0.005631;exponential;0.280000;3600
63757;1346584964;4;euthanasia;0.300001;0.299967;0.522443;0.571596;2;0;0.300000;0.200000;0.005631;exponential;0.280000;3600
25947;1346591133;4;euthanasia;0.584301;0.212795;0.713128;0.192641;0;1;0.300000;0.200000;0.005631;exponential;0.280000;3600
37617;1346582425;4;euthanasia;0.702201;0.394694;0.771430;0.001060;0;0;0.300000;0.200000;0.005631;exponential;0.280000;3600
89827;1346607678;4;euthanasia;-1.000000;-1.000000;0.000000;0.891670;1;2;0.300000;0.200000;0.005631;exponential;0.280000;3600
71627;1346694116;4;euthanasia;0.667049;0.320706;0.920195;0.000014;0;0;0.300000;0.200000;0.005631;exponential;0.280000;3600
68494;1346762242;4;euthanasia;-1.000000;-1.000000;0.958398;0.968877;2;0;0.300000;0.200000;0.005631;exponential;0.280000;3600
49294;1345647134;4;euthanasia;0.300019;0.003403;0.000030;0.000000;0;2;0.300000;0.200000;0.005631;exponential;0.280000;3600
84625;1346570544;4;euthanasia;-1.000000;-1.000000;0.518834;0.000000;0;1;0.300000;0.200000;0.005631;exponential;0.280000;3600
75261;1346802215;4;euthanasia;0.663094;0.312575;0.966501;0.000012;0;1;0.300000;0.200000;0.005631;exponential;0.280000;3600
71187;1346800327;4;euthanasia;-1.000000;-1.000000;0.132431;0.000000;0;2;0.300000;0.200000;0.005631;exponential;0.280000;3600
53275;1346792996;4;euthanasia;0.898745;0.702992;0.846635;0.746172;2;1;0.300000;0.200000;0.005631;exponential;0.280000;3600
45292;1346711585;4;euthanasia;0.350589;0.725011;0.000000;0.341257;1;1;0.300000;0.200000;0.005631;exponential;0.280000;3600
18394;1346607754;4;euthanasia;0.829209;0.494322;0.388168;0.011757;0;0;0.300000;0.200000;0.005631;exponential;0.280000;3600
31372;1346777921;4;euthanasia;-1.000000;-1.000000;0.000000;0.763935;1;1;0.300000;0.200000;0.005631;exponential;0.280000;3600
26127;1347028314;4;euthanasia;-1.000000;-1.000000;0.035510;0.486025;1;0;0.300000;0.200000;0.005631;exponential;0.280000;3600
82060;1347041975;4;euthanasia;0.870458;0.709076;0.941401;0.937983;2;0;0.300000;0.200000;0.005631;exponential;0.280000;3600
39783;1346254030;4;euthanasia;0.030079;0.321549;0.000002;0.290944;1;2;0.300000;0.200000;0.005631;exponential;0.280000;3600
22931;1346503977;4;euthanasia;0.905957;0.616522;0.533086;0.100013;0;0;0.300000;0.200000;0.005631;exponential;0.280000;3600
23144;1347019508;4;euthanasia;-1.000000;-1.000000;0.000000;0.677395;1;1;0.300000;0.200000;0.005631;exponential;0.280000;3600
24760;1347027369;4;euthanasia;0.000001;0.300001;0.000000;0.784644;1;0;0.300000;0.200000;0.005631;exponential;0.280000;3600
34250;1346662917;4;euthanasia;0.300000;0.000000;0.299924;0.000000;0;1;0.300000;0.200000;0.005631;exponential;0.280000;3600
52441;1347036596;4;euthanasia;0.328706;0.685493;0.000015;0.848229;1;2;0.300000;0.200000;0.005631;exponential;0.280000;3600
52385;1337345375;3;euthanasia;0.665953;0.522140;0.153241;0.121943;2;1;0.300000;0.200000;0.005631;exponential;0.280000;3600
68633;1347124460;4;euthanasia;-1.000000;-1.000000;0.596782;0.000000;0;2;0.300000;0.200000;0.005631;exponential;0.280000;3600
28831;1330717019;2;euthanasia;0.612935;0.326275;0.000000;0.000000;0;0;0.300000;0.200000;0.005631;exponential;0.280000;3600
28831;1337274261;3;euthanasia;-1.000000;-1.000000;0.000000;0.000000;0;0;0.300000;0.200000;0.005631;exponential;0.280000;3600
28831;1346786469;4;euthanasia;-1.000000;-1.000000;0.000000;0.000000;0;0;0.300000;0.200000;0.005631;exponential;0.280000;3600
51675;1346499584;4;euthanasia;-1.000000;-1.000000;0.180123;0.000000;0;0;0.300000;0.200000;0.005631;exponential;0.280000;3600
73303;1346008292;4;euthanasia;0.000000;0.300000;0.000000;0.690861;1;1;0.300000;0.200000;0.005631;exponential;0.280000;3600
45000;1347039609;4;euthanasia;0.365950;0.689322;0.000014;0.974679;1;2;0.300000;0.200000;0.005631;exponential;0.280000;3600
61280;1347281000;4;euthanasia;0.000000;0.300000;0.000000;0.803089;1;1;0.300000;0.200000;0.005631;exponential;0.280000;3600
11692;1347284145;4;euthanasia;-1.000000;-1.000000;0.946166;0.000000;0;2;0.300000;0.200000;0.005631;exponential;0.280000;3600
48429;1347320282;4;euthanasia;0.532689;0.841516;0.046320;0.783596;1;1;0.300000;0.200000;0.005631;exponential;0.280000;3600
86237;1347309521;4;euthanasia;0.578136;0.756583;0.427714;0.559732;2;1;0.300000;0.200000;0.005631;exponential;0.280000;3600
11360;1347554615;4;euthanasia;0.509731;0.624106;0.947798;0.948825;2;1;0.300000;0.200000;0.005631;exponential;0.280000;3600
77023;1347554519;4;euthanasia;0.300000;0.000000;0.643755;0.000000;0;1;0.300000;0.200000;0.005631;exponential;0.280000;3600
78638;1347566534;4;euthanasia;0.509996;0.750351;0.703642;0.655415;2;1;0.300000;0.200000;0.005631;exponential;0.280000;3600
46654;1337071312;3;euthanasia;0.867544;0.647384;0.186417;0.161840;2;2;0.300000;0.200000;0.005631;exponential;0.280000;3600
46654;1345763224;4;euthanasia;-1.000000;-1.000000;0.000000;0.000000;2;2;0.300000;0.200000;0.005631;exponential;0.280000;3600
48990;1347542851;4;euthanasia;-1.000000;-1.000000;0.633422;0.000000;0;2;0.300000;0.200000;0.005631;exponential;0.280000;3600
39701;1346502596;4;euthanasia;0.300000;0.000000;0.367369;0.000000;0;0;0.300000;0.200000;0.005631;exponential;0.280000;3600
77291;1336644759;3;euthanasia;0.735597;0.601716;0.755062;0.735454;2;1;0.300000;0.200000;0.005631;exponential;0.280000;3600
77291;1345826472;4;euthanasia;-1.000000;-1.000000;0.000000;0.000000;2;0;0.300000;0.200000;0.005631;exponential;0.280000;3600
20905;1347547670;4;euthanasia;0.977739;0.760412;0.816624;0.819915;2;2;0.300000;0.200000;0.005631;exponential;0.280000;3600
71782;1347616047;4;euthanasia;0.696005;0.907047;0.801758;0.845435;2;0;0.300000;0.200000;0.005631;exponential;0.280000;3600
80058;1345813156;4;euthanasia;-1.000000;-1.000000;0.465714;0.000000;0;1;0.300000;0.200000;0.005631;exponential;0.280000;3600
25323;1347550221;4;euthanasia;-1.000000;-1.000000;0.222743;0.000000;0;2;0.300000;0.200000;0.005631;exponential;0.280000;3600
30952;1346531034;4;euthanasia;-1.000000;-1.000000;0.000000;0.740415;1;1;0.300000;0.200000;0.005631;exponential;0.280000;3600
82282;1347636479;4;euthanasia;0.947428;0.675628;0.912581;0.881644;2;1;0.300000;0.200000;0.005631;exponential;0.280000;3600
67947;1347584676;4;euthanasia;-1.000000;-1.000000;0.000000;0.606359;1;0;0.300000;0.200000;0.005631;exponential;0.280000;3600
46771;1347183152;4;euthanasia;0.742269;0.595758;0.572601;0.528112;2;0;0.300000;0.200000;0.005631;exponential;0.280000;3600
46584;1347827355;4;euthanasia;0.938558;0.756711;0.827313;0.734011;2;1;0.300000;0.200000;0.005631;exponential;0.280000;3600
50869;1345830185;4;euthanasia;-1.000000;-1.000000;0.000000;0.377744;1;1;0.300000;0.200000;0.005631;exponential;0.280000;3600
26425;1347052868;4;euthanasia;-1.000000;-1.000000;0.000000;0.136777;1;0;0.300000;0.200000;0.005631;exponential;0.280000;3600
44167;1347637062;4;euthanasia;-1.000000;-1.000000;0.000000;0.052216;1;0;0.300000;0.200000;0.005631;exponential;0.280000;3600
66991;1346504214;4;euthanasia;0.000002;0.300001;0.000000;0.267044;1;0;0.300000;0.200000;0.005631;exponential;0.280000;3600
74916;1348148017;4;euthanasia;0.258344;0.596758;0.113158;0.416441;1;0;0.300000;0.200000;0.005631;exponential;0.280000;3600
55464;1347637737;4;euthanasia;-1.000000;-1.000000;0.000000;0.276266;1;1;0.300000;0.200000;0.005631;exponential;0.280000;3600
14106;1327756925;2;euthanasia;-1.000000;-1.000000;0.000000;0.000041;1;1;0.300000;0.200000;0.005631;exponential;0.280000;3600
14106;1336610947;3;euthanasia;-1.000000;-1.000000;0.000000;0.000000;1;1;0.300000;0.200000;0.005631;exponential;0.280000;3600
14106;1345450860;4;euthanasia;-1.000000;-1.000000;0.000000;0.000000;1;1;0.300000;0.200000;0.005631;exponential;0.280000;3600
40629;1337341897;3;euthanasia;-1.000000;-1.000000;0.000000;0.000000;0;0;0.300000;0.200000;0.005631;exponential;0.280000;3600
40629;1346506077;4;euthanasia;-1.000000;-1.000000;0.000000;0.000000;0;0;0.300000;0.200000;0.005631;exponential;0.280000;3600
18344;1337178126;3;euthanasia;-1.000000;-1.000000;0.000001;0.278610;1;2;0.300000;0.200000;0.005631;exponential;0.280000;3600
18344;1347112732;4;euthanasia;-1.000000;-1.000000;0.000000;0.000000;1;2;0.300000;0.200000;0.005631;exponential;0.280000;3600
44520;1336665853;3;euthanasia;0.205455;0.622785;0.000001;0.336851;1;1;0.300000;0.200000;0.005631;exponential;0.280000;3600
44520;1345579020;4;euthanasia;-1.000000;-1.000000;0.000000;0.000000;1;1;0.300000;0.200000;0.005631;exponential;0.280000;3600
21350;1338338254;3;euthanasia;0.057764;0.363641;0.000076;0.037962;1;1;0.300000;0.200000;0.005631;exponential;0.280000;3600
21350;1345468913;4;euthanasia;-1.000000;-1.000000;0.000000;0.000001;1;1;0.300000;0.200000;0.005631;exponential;0.280000;3600
66052;1336666882;3;euthanasia;0.426255;0.692998;0.061904;0.080013;2;2;0.300000;0.200000;0.005631;exponential;0.280000;3600
66052;1345495151;4;euthanasia;-1.000000;-1.000000;0.000000;0.000000;2;2;0.300000;0.200000;0.005631;exponential;0.280000;3600
25494;1347234891;4;euthanasia;0.003178;0.302252;0.000005;0.366164;1;1;0.300000;0.200000;0.005631;exponential;0.280000;3600
84215;1337437471;3;euthanasia;0.000000;0.300000;0.000000;0.000122;1;2;0.300000;0.200000;0.005631;exponential;0.280000;3600
84215;1347203794;4;euthanasia;-1.000000;-1.000000;0.000000;0.000000;1;1;0.300000;0.200000;0.005631;exponential;0.280000;3600
38893;1337357343;3;euthanasia;0.000000;0.300000;0.000000;0.256284;1;0;0.300000;0.200000;0.005631;exponential;0.280000;3600
38893;1345461930;4;euthanasia;-1.000000;-1.000000;0.000000;0.000001;1;0;0.300000;0.200000;0.005631;exponential;0.280000;3600
85970;1337294859;3;euthanasia;0.732867;0.398539;0.093137;0.001323;0;2;0.300000;0.200000;0.005631;exponential;0.280000;3600
85970;1345465113;4;euthanasia;-1.000000;-1.000000;0.000000;0.000000;0;1;0.300000;0.200000;0.005631;exponential;0.280000;3600
32174;1347287561;4;euthanasia;0.199608;0.509997;0.027015;0.132262;1;1;0.300000;0.200000;0.005631;exponential;0.280000;3600
34853;1336701737;3;euthanasia;0.040267;0.516706;0.000035;0.011795;1;1;0.300000;0.200000;0.005631;exponential;0.280000;3600
34853;1345769301;4;euthanasia;-1.000000;-1.000000;0.000000;0.000000;1;1;0.300000;0.200000;0.005631;exponential;0.280000;3600
10281;1347186686;4;euthanasia;-1.000000;-1.000000;0.023360;0.000000;0;0;0.300000;0.200000;0.005631;exponential;0.280000;3600
16313;1337206362;3;euthanasia;-1.000000;-1.000000;0.000000;0.013558;1;1;0.300000;0.200000;0.005631;exponential;0.280000;3600
16313;1346143802;4;euthanasia;-1.000000;-1.000000;0.000000;0.000000;1;1;0.300000;0.200000;0.005631;exponential;0.280000;3600
17041;1330344980;2;euthanasia;0.300067;0.657660;0.283285;0.538284;1;1;0.300000;0.200000;0.005631;exponential;0.280000;3600
69065;1338502327;3;euthanasia;0.331666;0.705668;0.000049;0.388106;1;0;0.300000;0.200000;0.005631;exponential;0.280000;3600
69065;1345488467;4;euthanasia;-1.000000;-1.000000;0.000000;0.000007;1;1;0.300000;0.200000;0.005631;exponential;0.280000;3600
48187;1347102914;4;euthanasia;0.700110;0.409460;0.322678;0.000000;0;1;0.300000;0.200000;0.005631;exponential;0.280000;3600
23642;1358537803;5;euthanasia;0.181156;0.593977;0.641049;0.979267;1;2;0.300000;0.200000;0.005631;exponential;0.280000;3600
85596;1358539577;5;euthanasia;0.921338;0.714735;0.986998;0.992634;2;0;0.300000;0.200000;0.005631;exponential;0.280000;3600
25544;1358602657;5;euthanasia;-1.000000;-1.000000;0.000000;0.919954;1;0;0.300000;0.200000;0.005631;exponential;0.280000;3600
40997;1358540392;5;euthanasia;0.506237;0.654797;0.736404;0.739199;2;1;0.300000;0.200000;0.005631;exponential;0.280000;3600
63188;1358583485;5;euthanasia;0.159016;0.566194;0.005971;0.908511;1;2;0.300000;0.200000;0.005631;exponential;0.280000;3600
30952;1358556364;5;euthanasia;0.298612;0.312081;0.188743;0.197256;2;2;0.300000;0.200000;0.005631;exponential;0.280000;3600
57637;1358597992;5;euthanasia;-1.000000;-1.000000;0.000057;0.934472;1;2;0.300000;0.200000;0.005631;exponential;0.280000;3600
51722;1358605983;5;euthanasia;0.714178;0.915311;0.812805;0.850254;2;1;0.300000;0.200000;0.005631;exponential;0.280000;3600
68633;1358629613;5;euthanasia;0.304077;0.005734;0.293717;0.005539;0;2;0.300000;0.200000;0.005631;exponential;0.280000;3600
32899;1358689073;5;euthanasia;0.927154;0.751785;0.877587;0.871646;2;1;0.300000;0.200000;0.005631;exponential;0.280000;3600
78966;1358589966;5;euthanasia;0.303526;0.005366;0.242342;0.004285;0;1;0.300000;0.200000;0.005631;exponential;0.280000;3600
50869;1358546921;5;euthanasia;-1.000000;-1.000000;0.000000;0.098860;1;1;0.300000;0.200000;0.005631;exponential;0.280000;3600
10841;1358678365;5;euthanasia;0.925443;0.706327;0.930626;0.908037;2;0;0.300000;0.200000;0.005631;exponential;0.280000;3600
66754;1358649025;5;euthanasia;-1.000000;-1.000000;0.000053;0.970957;1;1;0.300000;0.200000;0.005631;exponential;0.280000;3600
46021;1358599696;5;euthanasia;-1.000000;-1.000000;0.000000;0.596460;1;1;0.300000;0.200000;0.005631;exponential;0.280000;3600
59367;1358715559;5;euthanasia;0.466511;0.759809;0.001351;0.975529;1;2;0.300000;0.200000;0.005631;exponential;0.280000;3600
31583;1358709955;5;euthanasia;0.630780;0.285202;0.974401;0.169553;0;0;0.300000;0.200000;0.005631;exponential;0.280000;3600
10060;1358716724;5;euthanasia;0.972029;0.700660;0.917086;0.917149;2;1;0.300000;0.200000;0.005631;exponential;0.280000;3600
72746;1358605988;5;euthanasia;0.179897;0.585559;0.000185;0.872606;1;1;0.300000;0.200000;0.005631;exponential;0.280000;3600
85970;1358606410;5;euthanasia;0.000000;0.300000;0.000000;0.675999;1;1;0.300000;0.200000;0.005631;exponential;0.280000;3600
75261;1358846329;5;euthanasia;0.765302;0.958917;0.947195;0.937634;2;1;0.300000;0.200000;0.005631;exponential;0.280000;3600
24853;1358537217;5;euthanasia;0.345623;0.057491;0.542097;0.006460;0;2;0.300000;0.200000;0.005631;exponential;0.280000;3600
22745;1358851500;5;euthanasia;-1.000000;-1.000000;0.000000;0.911960;1;2;0.300000;0.200000;0.005631;exponential;0.280000;3600
45000;1358851525;5;euthanasia;-1.000000;-1.000000;0.000000;0.911730;1;0;0.300000;0.200000;0.005631;exponential;0.280000;3600
74916;1358604050;5;euthanasia;0.657745;0.906562;0.286065;0.290565;2;0;0.300000;0.200000;0.005631;exponential;0.280000;3600
13799;1358882662;5;euthanasia;-1.000000;-1.000000;0.000000;0.883520;1;0;0.300000;0.200000;0.005631;exponential;0.280000;3600
88133;1358886010;5;euthanasia;0.782002;0.974820;0.890790;0.805529;2;2;0.300000;0.200000;0.005631;exponential;0.280000;3600
39122;1358689867;5;euthanasia;0.168435;0.492042;0.000018;0.003154;1;1;0.300000;0.200000;0.005631;exponential;0.280000;3600
18394;1358848689;5;euthanasia;0.674150;0.553276;0.586256;0.458692;2;2;0.300000;0.200000;0.005631;exponential;0.280000;3600
46160;1358899996;5;euthanasia;0.460845;0.793383;0.342595;0.692128;1;0;0.300000;0.200000;0.005631;exponential;0.280000;3600
44520;1358860982;5;euthanasia;-1.000000;-1.000000;0.000031;0.816727;1;1;0.300000;0.200000;0.005631;exponential;0.280000;3600
19844;1358881661;5;euthanasia;0.351860;0.688464;0.004286;0.876241;1;2;0.300000;0.200000;0.005631;exponential;0.280000;3600
52067;1358964029;5;euthanasia;-1.000000;-1.000000;0.000000;0.951877;1;0;0.300000;0.200000;0.005631;exponential;0.280000;3600
86727;1358710977;5;euthanasia;-1.000000;-1.000000;0.000000;0.386545;1;0;0.300000;0.200000;0.005631;exponential;0.280000;3600
14106;1358693942;5;euthanasia;-1.000000;-1.000000;0.000000;0.000002;1;1;0.300000;0.200000;0.005631;exponential;0.280000;3600
35227;1358606173;5;euthanasia;-1.000000;-1.000000;0.758682;0.697993;2;1;0.300000;0.200000;0.005631;exponential;0.280000;3600
22617;1358974118;5;euthanasia;0.414055;0.745874;0.000119;0.369811;1;1;0.300000;0.200000;0.005631;exponential;0.280000;3600
86610;1359052427;5;euthanasia;0.723651;0.886257;0.973323;0.958677;2;2;0.300000;0.200000;0.005631;exponential;0.280000;3600
16495;1358844655;5;euthanasia;0.724577;0.577736;0.705748;0.731456;2;1;0.300000;0.200000;0.005631;exponential;0.280000;3600
51597;1359040023;5;euthanasia;0.438772;0.733524;0.000001;0.769023;1;1;0.300000;0.200000;0.005631;exponential;0.280000;3600
89827;1358980677;5;euthanasia;-1.000000;-1.000000;0.000000;0.774149;1;2;0.300000;0.200000;0.005631;exponential;0.280000;3600
79877;1358890241;5;euthanasia;0.138018;0.576496;0.003599;0.751953;1;2;0.300000;0.200000;0.005631;exponential;0.280000;3600
78911;1358689603;5;euthanasia;0.412664;0.552913;0.635711;0.668947;2;1;0.300000;0.200000;0.005631;exponential;0.280000;3600
26127;1358966081;5;euthanasia;-1.000000;-1.000000;0.000000;0.430582;1;0;0.300000;0.200000;0.005631;exponential;0.280000;3600
39783;1359129151;5;euthanasia;-1.000000;-1.000000;0.000000;0.565961;1;2;0.300000;0.200000;0.005631;exponential;0.280000;3600
44167;1358965796;5;euthanasia;0.300830;0.656970;0.000807;0.332833;1;1;0.300000;0.200000;0.005631;exponential;0.280000;3600
86009;1359035882;5;euthanasia;-1.000000;-1.000000;0.000000;0.445343;1;2;0.300000;0.200000;0.005631;exponential;0.280000;3600
46654;1359146325;5;euthanasia;0.787044;0.611877;0.912345;0.910123;2;2;0.300000;0.200000;0.005631;exponential;0.280000;3600
62555;1358556966;5;euthanasia;0.004968;0.304739;0.002555;0.156747;1;1;0.300000;0.200000;0.005631;exponential;0.280000;3600
15071;1359387475;5;euthanasia;0.337262;0.675759;0.000001;0.513503;1;1;0.300000;0.200000;0.005631;exponential;0.280000;3600
82060;1359395852;5;euthanasia;-1.000000;-1.000000;0.859681;0.876637;2;2;0.300000;0.200000;0.005631;exponential;0.280000;3600
46771;1358852855;5;euthanasia;0.534573;0.820066;0.064697;0.826877;1;0;0.300000;0.200000;0.005631;exponential;0.280000;3600
78638;1359407353;5;euthanasia;0.391823;0.747678;0.000102;0.543353;1;1;0.300000;0.200000;0.005631;exponential;0.280000;3600
50947;1359055569;5;euthanasia;0.510190;0.043466;0.001734;0.000000;0;0;0.300000;0.200000;0.005631;exponential;0.280000;3600
53884;1328461057;2;euthanasia;0.496188;0.599252;0.000004;0.000005;2;0;0.300000;0.200000;0.005631;exponential;0.280000;3600
53884;1337021099;3;euthanasia;-1.000000;-1.000000;0.000000;0.000000;2;0;0.300000;0.200000;0.005631;exponential;0.280000;3600
53884;1345459363;4;euthanasia;-1.000000;-1.000000;0.000000;0.000000;2;0;0.300000;0.200000;0.005631;exponential;0.280000;3600
53884;1358597995;5;euthanasia;-1.000000;-1.000000;0.000000;0.000000;2;0;0.300000;0.200000;0.005631;exponential;0.280000;3600
88175;1358613847;5;euthanasia;0.620007;0.916175;0.003592;0.777346;1;2;0.300000;0.200000;0.005631;exponential;0.280000;3600
45945;1359412877;5;euthanasia;0.603028;0.890809;0.000982;0.699126;1;0;0.300000;0.200000;0.005631;exponential;0.280000;3600
51675;1359479232;5;euthanasia;0.694736;0.299857;0.537853;0.000009;0;0;0.300000;0.200000;0.005631;exponential;0.280000;3600
84215;1359400522;5;euthanasia;0.299908;0.656939;0.000000;0.000002;1;1;0.300000;0.200000;0.005631;exponential;0.280000;3600
32174;1359324603;5;euthanasia;-1.000000;-1.000000;0.000000;0.000086;1;1;0.300000;0.200000;0.005631;exponential;0.280000;3600
13116;1359545883;5;euthanasia;0.300000;0.504591;0.749284;0.724720;2;2;0.300000;0.200000;0.005631;exponential;0.280000;3600
51552;1358782237;5;euthanasia;0.462098;0.747069;0.000067;0.772424;1;1;0.300000;0.200000;0.005631;exponential;0.280000;3600
70889;1327745994;2;euthanasia;-1.000000;-1.000000;0.000000;0.000000;0;1;0.300000;0.200000;0.005631;exponential;0.280000;3600
70889;1336554362;3;euthanasia;-1.000000;-1.000000;0.000000;0.000000;0;1;0.300000;0.200000;0.005631;exponential;0.280000;3600
70889;1345484858;4;euthanasia;-1.000000;-1.000000;0.000000;0.000000;0;1;0.300000;0.200000;0.005631;exponential;0.280000;3600
70889;1358539807;5;euthanasia;-1.000000;-1.000000;0.000000;0.000000;0;2;0.300000;0.200000;0.005631;exponential;0.280000;3600
68494;1359502407;5;euthanasia;0.611027;0.797310;0.799205;0.832174;2;0;0.300000;0.200000;0.005631;exponential;0.280000;3600
71627;1359747430;5;euthanasia;0.775580;0.598977;0.923390;0.926298;2;0;0.300000;0.200000;0.005631;exponential;0.280000;3600
25947;1359817079;5;euthanasia;0.668358;0.950502;0.410379;0.932419;1;2;0.300000;0.200000;0.005631;exponential;0.280000;3600
71518;1359812366;5;euthanasia;0.452501;0.767416;0.416861;0.706972;1;1;0.300000;0.200000;0.005631;exponential;0.280000;3600
82282;1359787927;5;euthanasia;0.657464;0.883514;0.759867;0.715699;2;1;0.300000;0.200000;0.005631;exponential;0.280000;3600
37617;1359812143;5;euthanasia;0.504101;0.563389;0.589838;0.508995;2;2;0.300000;0.200000;0.005631;exponential;0.280000;3600
30076;1359620328;5;euthanasia;0.587525;0.145342;0.188969;0.000120;0;1;0.300000;0.200000;0.005631;exponential;0.280000;3600
63063;1346714726;4;euthanasia;0.000032;0.300019;0.000000;0.000326;1;1;0.300000;0.200000;0.005631;exponential;0.280000;3600
63063;1359731414;5;euthanasia;-1.000000;-1.000000;0.000000;0.000000;1;1;0.300000;0.200000;0.005631;exponential;0.280000;3600
17353;1358850447;5;euthanasia;0.461496;0.797980;0.000000;0.214583;1;0;0.300000;0.200000;0.005631;exponential;0.280000;3600
48990;1359920563;5;euthanasia;0.829428;0.674074;0.850191;0.853074;2;0;0.300000;0.200000;0.005631;exponential;0.280000;3600
22931;1359828706;5;euthanasia;0.599623;0.184309;0.595715;0.000944;0;0;0.300000;0.200000;0.005631;exponential;0.280000;3600
49597;1359816062;5;euthanasia;-1.000000;-1.000000;0.000000;0.783817;1;1;0.300000;0.200000;0.005631;exponential;0.280000;3600
45539;1359980488;5;euthanasia;-1.000000;-1.000000;0.000000;0.952322;1;0;0.300000;0.200000;0.005631;exponential;0.280000;3600
62560;1359984804;5;euthanasia;0.730988;0.450431;0.821931;0.003257;0;1;0.300000;0.200000;0.005631;exponential;0.280000;3600
32100;1359386539;5;euthanasia;0.301361;0.002521;0.130321;0.000453;0;2;0.300000;0.200000;0.005631;exponential;0.280000;3600
66052;1358859785;5;euthanasia;0.009933;0.307549;0.000000;0.534176;1;2;0.300000;0.200000;0.005631;exponential;0.280000;3600
53275;1359963872;5;euthanasia;0.675304;0.551059;0.726264;0.720837;2;0;0.300000;0.200000;0.005631;exponential;0.280000;3600
11360;1359990903;5;euthanasia;0.573017;0.703256;0.767329;0.683163;2;1;0.300000;0.200000;0.005631;exponential;0.280000;3600
23144;1359986749;5;euthanasia;0.759081;0.995236;0.695621;0.929999;2;1;0.300000;0.200000;0.005631;exponential;0.280000;3600
14188;1358538045;5;euthanasia;0.264703;0.624567;0.000000;0.002008;1;1;0.300000;0.200000;0.005631;exponential;0.280000;3600
52635;1358881646;5;euthanasia;0.348656;0.124677;0.008239;0.009152;2;1;0.300000;0.200000;0.005631;exponential;0.280000;3600
29914;1359990644;5;euthanasia;0.550299;0.831724;0.000000;0.430914;1;1;0.300000;0.200000;0.005631;exponential;0.280000;3600
39701;1359891974;5;euthanasia;0.238743;0.300165;0.217632;0.465027;2;0;0.300000;0.200000;0.005631;exponential;0.280000;3600
24760;1359809426;5;euthanasia;-1.000000;-1.000000;0.000000;0.000018;1;0;0.300000;0.200000;0.005631;exponential;0.280000;3600
77023;1360017658;5;euthanasia;0.724570;0.431677;0.339351;0.000006;0;2;0.300000;0.200000;0.005631;exponential;0.280000;3600
25323;1359919175;5;euthanasia;0.729601;0.433510;0.839495;0.387330;0;2;0.300000;0.200000;0.005631;exponential;0.280000;3600
19066;1360011309;5;euthanasia;0.304922;0.345619;0.013460;0.024083;2;0;0.300000;0.200000;0.005631;exponential;0.280000;3600
71700;1360166592;5;euthanasia;0.005070;0.304316;0.000177;0.825870;1;0;0.300000;0.200000;0.005631;exponential;0.280000;3600
36143;1359898902;5;euthanasia;0.709594;0.899392;0.124166;0.134966;2;1;0.300000;0.200000;0.005631;exponential;0.280000;3600
11692;1359926453;5;euthanasia;0.459417;0.374883;0.891720;0.905930;2;2;0.300000;0.200000;0.005631;exponential;0.280000;3600
49294;1359988016;5;euthanasia;0.013598;0.309518;0.000000;0.018880;1;2;0.300000;0.200000;0.005631;exponential;0.280000;3600
71782;1359972749;5;euthanasia;0.323018;0.636373;0.000584;0.617338;1;0;0.300000;0.200000;0.005631;exponential;0.280000;3600
18420;1359397191;5;euthanasia;0.301545;0.302011;0.433062;0.434893;2;1;0.300000;0.200000;0.005631;exponential;0.280000;3600
16313;1359917006;5;euthanasia;0.223354;0.549291;0.000059;0.000145;1;0;0.300000;0.200000;0.005631;exponential;0.280000;3600
73303;1359921172;5;euthanasia;0.286645;0.606554;0.000019;0.132146;1;1;0.300000;0.200000;0.005631;exponential;0.280000;3600
75468;1359985399;5;euthanasia;-1.000000;-1.000000;0.000000;0.718867;1;1;0.300000;0.200000;0.005631;exponential;0.280000;3600
66404;1359899733;5;euthanasia;0.299136;0.656696;0.185419;0.407052;1;2;0.300000;0.200000;0.005631;exponential;0.280000;3600
80058;1359387868;5;euthanasia;-1.000000;-1.000000;0.000629;0.000000;0;0;0.300000;0.200000;0.005631;exponential;0.280000;3600
36006;1358693047;5;euthanasia;-1.000000;-1.000000;0.000000;0.000001;1;0;0.300000;0.200000;0.005631;exponential;0.280000;3600
75178;1358629706;5;euthanasia;0.587912;0.889913;0.000197;0.000299;1;1;0.300000;0.200000;0.005631;exponential;0.280000;3600
18344;1359987737;5;euthanasia;0.130786;0.452793;0.035740;0.871472;1;2;0.300000;0.200000;0.005631;exponential;0.280000;3600
67947;1359463843;5;euthanasia;0.039233;0.352725;0.000222;0.003191;1;0;0.300000;0.200000;0.005631;exponential;0.280000;3600
34853;1358603857;5;euthanasia;-1.000000;-1.000000;0.000000;0.000000;1;1;0.300000;0.200000;0.005631;exponential;0.280000;3600
26425;1359110260;5;euthanasia;-1.000000;-1.000000;0.000000;0.000102;1;0;0.300000;0.200000;0.005631;exponential;0.280000;3600
34250;1359283083;5;euthanasia;0.102273;0.560033;0.000001;0.359099;1;2;0.300000;0.200000;0.005631;exponential;0.280000;3600
84841;1330110929;2;euthanasia;0.845658;0.552149;0.000000;0.000000;0;0;0.300000;0.200000;0.005631;exponential;0.280000;3600
84841;1347545097;4;euthanasia;-1.000000;-1.000000;0.000000;0.000000;0;0;0.300000;0.200000;0.005631;exponential;0.280000;3600
84841;1360101148;5;euthanasia;-1.000000;-1.000000;0.000000;0.000000;0;0;0.300000;0.200000;0.005631;exponential;0.280000;3600
66245;1359920474;5;euthanasia;-1.000000;-1.000000;0.000000;0.102766;1;1;0.300000;0.200000;0.005631;exponential;0.280000;3600
68533;1361004719;5;euthanasia;-1.000000;-1.000000;0.000000;0.144070;1;0;0.300000;0.200000;0.005631;exponential;0.280000;3600
86352;1360001597;5;euthanasia;0.644467;0.276261;0.174718;0.064095;0;2;0.300000;0.200000;0.005631;exponential;0.280000;3600
20905;1359990847;5;euthanasia;0.563198;0.230723;0.840669;0.190986;0;2;0.300000;0.200000;0.005631;exponential;0.280000;3600
76313;1358846722;5;euthanasia;0.029672;0.513647;0.000063;0.455133;1;1;0.300000;0.200000;0.005631;exponential;0.280000;3600
31372;1359468276;5;euthanasia;0.000962;0.300002;0.000869;0.271165;1;1;0.300000;0.200000;0.005631;exponential;0.280000;3600
86237;1359813479;5;euthanasia;0.143412;0.510695;0.000562;0.158476;1;1;0.300000;0.200000;0.005631;exponential;0.280000;3600
21350;1358600532;5;euthanasia;0.561190;0.688824;0.000000;0.000000;2;1;0.300000;0.200000;0.005631;exponential;0.280000;3600
26999;1359387611;5;euthanasia;0.697890;0.422769;0.209816;0.158570;2;2;0.300000;0.200000;0.005631;exponential;0.280000;3600
73175;1337007276;3;euthanasia;-1.000000;-1.000000;0.000000;0.001596;1;2;0.300000;0.200000;0.005631;exponential;0.280000;3600
73175;1345795171;4;euthanasia;-1.000000;-1.000000;0.000000;0.000000;1;0;0.300000;0.200000;0.005631;exponential;0.280000;3600
73175;1358537153;5;euthanasia;-1.000000;-1.000000;0.000000;0.000000;1;2;0.300000;0.200000;0.005631;exponential;0.280000;3600
52385;1347201843;4;euthanasia;0.300000;0.000000;0.535259;0.000000;0;1;0.300000;0.200000;0.005631;exponential;0.280000;3600
52385;1358762831;5;euthanasia;-1.000000;-1.000000;0.000000;0.000000;0;1;0.300000;0.200000;0.005631;exponential;0.280000;3600
52441;1359812192;5;euthanasia;-1.000000;-1.000000;0.000000;0.000009;1;0;0.300000;0.200000;0.005631;exponential;0.280000;3600
50869;1367485273;6;euthanasia;0.892246;0.726537;0.911302;0.908287;2;1;0.300000;0.200000;0.005631;exponential;0.280000;3600
13799;1367485580;6;euthanasia;-1.000000;-1.000000;0.000000;0.623745;1;0;0.300000;0.200000;0.005631;exponential;0.280000;3600
10060;1367502751;6;euthanasia;-1.000000;-1.000000;0.878380;0.862023;2;1;0.300000;0.200000;0.005631;exponential;0.280000;3600
51722;1367486844;6;euthanasia;0.716276;0.538085;0.823520;0.865761;2;2;0.300000;0.200000;0.005631;exponential;0.280000;3600
85596;1367496109;6;euthanasia;-1.000000;-1.000000;0.913320;0.904827;2;0;0.300000;0.200000;0.005631;exponential;0.280000;3600
86727;1367510309;6;euthanasia;-1.000000;-1.000000;0.000000;0.978736;1;0;0.300000;0.200000;0.005631;exponential;0.280000;3600
29914;1367482666;6;euthanasia;0.721497;0.459709;0.333140;0.588256;2;1;0.300000;0.200000;0.005631;exponential;0.280000;3600
10841;1367510818;6;euthanasia;0.623242;0.921019;0.495275;0.780870;1;0;0.300000;0.200000;0.005631;exponential;0.280000;3600
50181;1358861136;5;euthanasia;0.183099;0.509996;0.000000;0.000000;1;2;0.300000;0.200000;0.005631;exponential;0.280000;3600
45945;1367502161;6;euthanasia;0.876012;0.716286;0.696229;0.560778;2;0;0.300000;0.200000;0.005631;exponential;0.280000;3600
18394;1367611575;6;euthanasia;0.763875;0.461503;0.898105;0.000002;0;0;0.300000;0.200000;0.005631;exponential;0.280000;3600
40997;1367496119;6;euthanasia;0.491568;0.686273;0.435425;0.607892;2;1;0.300000;0.200000;0.005631;exponential;0.280000;3600
50947;1367492887;6;euthanasia;0.528080;0.768490;0.000015;0.000022;2;0;0.300000;0.200000;0.005631;exponential;0.280000;3600
31583;1367838280;6;euthanasia;-1.000000;-1.000000;0.930440;0.000139;0;0;0.300000;0.200000;0.005631;exponential;0.280000;3600
22931;1367840568;6;euthanasia;-1.000000;-1.000000;0.239315;0.000056;0;2;0.300000;0.200000;0.005631;exponential;0.280000;3600
38901;1367913952;6;euthanasia;0.659702;0.863963;0.878370;0.927539;2;0;0.300000;0.200000;0.005631;exponential;0.280000;3600
51552;1367506297;6;euthanasia;0.875381;0.721160;0.825249;0.580109;2;1;0.300000;0.200000;0.005631;exponential;0.280000;3600
66754;1367921501;6;euthanasia;0.737367;0.962581;0.813622;0.816148;2;1;0.300000;0.200000;0.005631;exponential;0.280000;3600
63817;1327756878;2;euthanasia;0.727943;0.895325;0.000573;0.000656;2;1;0.300000;0.200000;0.005631;exponential;0.280000;3600
63817;1336996234;3;euthanasia;-1.000000;-1.000000;0.000000;0.000000;2;1;0.300000;0.200000;0.005631;exponential;0.280000;3600
63817;1345457114;4;euthanasia;-1.000000;-1.000000;0.000000;0.000000;2;0;0.300000;0.200000;0.005631;exponential;0.280000;3600
57637;1367953766;6;euthanasia;0.829991;0.574964;0.767417;0.850303;2;1;0.300000;0.200000;0.005631;exponential;0.280000;3600
51675;1367931420;6;euthanasia;-1.000000;-1.000000;0.471371;0.000000;0;0;0.300000;0.200000;0.005631;exponential;0.280000;3600
24853;1367594454;6;euthanasia;0.624778;0.229773;0.499204;0.105097;0;0;0.300000;0.200000;0.005631;exponential;0.280000;3600
72746;1368013240;6;euthanasia;0.669849;0.910463;0.673887;0.696592;2;1;0.300000;0.200000;0.005631;exponential;0.280000;3600
14188;1367709050;6;euthanasia;0.617433;0.219306;0.236252;0.000003;0;1;0.300000;0.200000;0.005631;exponential;0.280000;3600
88175;1368047996;6;euthanasia;0.300000;0.178252;0.653181;0.422131;2;0;0.300000;0.200000;0.005631;exponential;0.280000;3600
23144;1368115161;6;euthanasia;-1.000000;-1.000000;0.914280;0.910354;2;1;0.300000;0.200000;0.005631;exponential;0.280000;3600
15071;1368124414;6;euthanasia;0.417705;0.704143;0.190366;0.502362;1;1;0.300000;0.200000;0.005631;exponential;0.280000;3600
13116;1368095907;6;euthanasia;0.645212;0.931152;0.104094;0.150225;1;1;0.300000;0.200000;0.005631;exponential;0.280000;3600
16495;1368137396;6;euthanasia;0.722444;0.374924;0.840721;0.096206;0;1;0.300000;0.200000;0.005631;exponential;0.280000;3600
30952;1368134782;6;euthanasia;0.300041;0.000058;0.842572;0.000047;0;2;0.300000;0.200000;0.005631;exponential;0.280000;3600
32899;1367680323;6;euthanasia;0.835271;0.552756;0.650058;0.241003;0;2;0.300000;0.200000;0.005631;exponential;0.280000;3600
45539;1368144743;6;euthanasia;-1.000000;-1.000000;0.000000;0.991059;1;0;0.300000;0.200000;0.005631;exponential;0.280000;3600
89827;1368147837;6;euthanasia;0.901516;0.734837;0.640999;0.644011;2;2;0.300000;0.200000;0.005631;exponential;0.280000;3600
46021;1367493476;6;euthanasia;0.442208;0.722245;0.000085;0.740304;1;1;0.300000;0.200000;0.005631;exponential;0.280000;3600
82282;1368200079;6;euthanasia;0.761347;0.963526;0.941186;0.944282;2;1;0.300000;0.200000;0.005631;exponential;0.280000;3600
62555;1367966844;6;euthanasia;0.119525;0.483275;0.034763;0.140559;1;1;0.300000;0.200000;0.005631;exponential;0.280000;3600
23642;1368240659;6;euthanasia;0.662216;0.309628;0.516941;0.002577;0;0;0.300000;0.200000;0.005631;exponential;0.280000;3600
52635;1367946920;6;euthanasia;0.169260;0.453938;0.000854;0.005784;1;1;0.300000;0.200000;0.005631;exponential;0.280000;3600
75261;1368313365;6;euthanasia;0.940874;0.729543;0.956594;0.955313;2;1;0.300000;0.200000;0.005631;exponential;0.280000;3600
18420;1367515251;6;euthanasia;0.557183;0.096712;0.001334;0.000001;0;1;0.300000;0.200000;0.005631;exponential;0.280000;3600
31372;1368213128;6;euthanasia;0.463015;0.801549;0.000019;0.000046;1;1;0.300000;0.200000;0.005631;exponential;0.280000;3600
68633;1368109764;6;euthanasia;0.428475;0.397098;0.000787;0.000925;2;2;0.300000;0.200000;0.005631;exponential;0.280000;3600
53884;1367601217;6;euthanasia;0.000151;0.300106;0.000001;0.010672;1;0;0.300000;0.200000;0.005631;exponential;0.280000;3600
35227;1368390656;6;euthanasia;0.078299;0.544722;0.000137;0.988838;1;2;0.300000;0.200000;0.005631;exponential;0.280000;3600
68494;1368390317;6;euthanasia;0.205423;0.613142;0.470183;0.990996;1;2;0.300000;0.200000;0.005631;exponential;0.280000;3600
46160;1368196211;6;euthanasia;0.745256;0.365070;0.585728;0.171873;0;0;0.300000;0.200000;0.005631;exponential;0.280000;3600
46771;1368453499;6;euthanasia;0.187499;0.496244;0.043781;0.770919;1;2;0.300000;0.200000;0.005631;exponential;0.280000;3600
52067;1368471299;6;euthanasia;-1.000000;-1.000000;0.002309;0.908552;1;0;0.300000;0.200000;0.005631;exponential;0.280000;3600
75468;1368400706;6;euthanasia;-1.000000;-1.000000;0.000000;0.178845;1;1;0.300000;0.200000;0.005631;exponential;0.280000;3600
78062;1337266721;3;euthanasia;0.000000;0.300000;0.000000;0.040575;1;1;0.300000;0.200000;0.005631;exponential;0.280000;3600
78062;1345503313;4;euthanasia;-1.000000;-1.000000;0.000000;0.000000;1;1;0.300000;0.200000;0.005631;exponential;0.280000;3600
78062;1367528856;6;euthanasia;-1.000000;-1.000000;0.000000;0.000000;1;1;0.300000;0.200000;0.005631;exponential;0.280000;3600
66404;1368094313;6;euthanasia;0.560384;0.496456;0.503628;0.623513;2;0;0.300000;0.200000;0.005631;exponential;0.280000;3600
78911;1368653394;6;euthanasia;0.507720;0.598757;0.304345;0.316286;2;1;0.300000;0.200000;0.005631;exponential;0.280000;3600
71627;1368737679;6;euthanasia;0.690643;0.869054;0.855570;0.831568;2;0;0.300000;0.200000;0.005631;exponential;0.280000;3600
25947;1368310464;6;euthanasia;-1.000000;-1.000000;0.079374;0.920953;1;2;0.300000;0.200000;0.005631;exponential;0.280000;3600
59367;1368399321;6;euthanasia;-1.000000;-1.000000;0.000000;0.801311;1;2;0.300000;0.200000;0.005631;exponential;0.280000;3600
32174;1368400676;6;euthanasia;0.939013;0.667979;0.111653;0.103481;2;0;0.300000;0.200000;0.005631;exponential;0.280000;3600
19844;1368388871;6;euthanasia;0.761867;0.947762;0.610269;0.610863;2;2;0.300000;0.200000;0.005631;exponential;0.280000;3600
53275;1368397226;6;euthanasia;0.636696;0.561472;0.621054;0.423131;2;1;0.300000;0.200000;0.005631;exponential;0.280000;3600
30076;1368265783;6;euthanasia;0.824214;0.486526;0.420276;0.007079;0;2;0.300000;0.200000;0.005631;exponential;0.280000;3600
51597;1368203422;6;euthanasia;0.516975;0.645902;0.754746;0.716198;2;1;0.300000;0.200000;0.005631;exponential;0.280000;3600
32100;1367485244;6;euthanasia;0.000793;0.300516;0.000565;0.808988;1;2;0.300000;0.200000;0.005631;exponential;0.280000;3600
82060;1367933235;6;euthanasia;0.009731;0.307929;0.003383;0.412184;1;2;0.300000;0.200000;0.005631;exponential;0.280000;3600
63757;1369428800;6;euthanasia;0.027685;0.319271;0.000028;0.004748;1;1;0.300000;0.200000;0.005631;exponential;0.280000;3600
88133;1370724057;6;euthanasia;0.735755;0.979314;0.286762;0.304905;2;2;0.300000;0.200000;0.005631;exponential;0.280000;3600
63188;1368461167;6;euthanasia;0.091650;0.534400;0.000286;0.000859;1;1;0.300000;0.200000;0.005631;exponential;0.280000;3600
39783;1367574516;6;euthanasia;0.510225;0.611970;0.137346;0.163945;2;2;0.300000;0.200000;0.005631;exponential;0.280000;3600
86352;1371668547;6;euthanasia;0.149877;0.526361;0.000002;0.018970;1;2;0.300000;0.200000;0.005631;exponential;0.280000;3600
37617;1369254169;6;euthanasia;0.640953;0.784693;0.145518;0.150798;2;2;0.300000;0.200000;0.005631;exponential;0.280000;3600
39701;1368539826;6;euthanasia;0.069975;0.529114;0.000001;0.629124;1;0;0.300000;0.200000;0.005631;exponential;0.280000;3600
52385;1368062911;6;euthanasia;0.000000;0.300000;0.000000;0.006504;1;1;0.300000;0.200000;0.005631;exponential;0.280000;3600
66052;1368452006;6;euthanasia;-1.000000;-1.000000;0.000000;0.538835;1;2;0.300000;0.200000;0.005631;exponential;0.280000;3600
46654;1368129721;6;euthanasia;0.729468;0.902367;0.883676;0.900157;2;2;0.300000;0.200000;0.005631;exponential;0.280000;3600
62560;1368181751;6;euthanasia;-1.000000;-1.000000;0.885215;0.000000;0;1;0.300000;0.200000;0.005631;exponential;0.280000;3600
60830;1369676088;6;euthanasia;0.007196;0.300001;0.000129;0.005365;1;1;0.300000;0.200000;0.005631;exponential;0.280000;3600
25544;1368218316;6;euthanasia;-1.000000;-1.000000;0.000000;0.034237;1;0;0.300000;0.200000;0.005631;exponential;0.280000;3600
18344;1368312862;6;euthanasia;-1.000000;-1.000000;0.000000;0.046162;1;2;0.300000;0.200000;0.005631;exponential;0.280000;3600
67947;1369269054;6;euthanasia;-1.000000;-1.000000;0.000000;0.053637;1;0;0.300000;0.200000;0.005631;exponential;0.280000;3600
68533;1368056691;6;euthanasia;-1.000000;-1.000000;0.000000;0.372695;1;0;0.300000;0.200000;0.005631;exponential;0.280000;3600
49597;1367502791;6;euthanasia;-1.000000;-1.000000;0.000000;0.000009;1;1;0.300000;0.200000;0.005631;exponential;0.280000;3600
86009;1368399074;6;euthanasia;-1.000000;-1.000000;0.000000;0.328584;1;0;0.300000;0.200000;0.005631;exponential;0.280000;3600
44520;1368131017;6;euthanasia;0.300000;0.150017;0.119398;0.059706;2;1;0.300000;0.200000;0.005631;exponential;0.280000;3600
78966;1368105758;6;euthanasia;0.306140;0.612386;0.012186;0.029045;1;1;0.300000;0.200000;0.005631;exponential;0.280000;3600
26425;1367944471;6;euthanasia;0.307015;0.511649;0.436896;0.435383;2;0;0.300000;0.200000;0.005631;exponential;0.280000;3600
11692;1368113530;6;euthanasia;0.246211;0.664738;0.000035;0.016603;1;1;0.300000;0.200000;0.005631;exponential;0.280000;3600
36006;1367500353;6;euthanasia;0.300000;0.508287;0.000021;0.000026;2;2;0.300000;0.200000;0.005631;exponential;0.280000;3600
49294;1368560204;6;euthanasia;0.656922;0.938535;0.000579;0.121431;1;2;0.300000;0.200000;0.005631;exponential;0.280000;3600
50181;1367950123;6;euthanasia;-1.000000;-1.000000;0.000000;0.160585;1;2;0.300000;0.200000;0.005631;exponential;0.280000;3600
58909;1358794247;5;euthanasia;0.308536;0.012507;0.000000;0.000000;0;0;0.300000;0.200000;0.005631;exponential;0.280000;3600
58909;1368443773;6;euthanasia;-1.000000;-1.000000;0.000000;0.000000;0;2;0.300000;0.200000;0.005631;exponential;0.280000;3600
48187;1359207088;5;euthanasia;0.000000;0.300000;0.000000;0.103192;1;1;0.300000;0.200000;0.005631;exponential;0.280000;3600
48187;1368468149;6;euthanasia;-1.000000;-1.000000;0.000000;0.000000;1;1;0.300000;0.200000;0.005631;exponential;0.280000;3600
84841;1373328475;6;euthanasia;-1.000000;-1.000000;0.000059;0.000000;0;0;0.300000;0.200000;0.005631;exponential;0.280000;3600
38893;1358840617;5;euthanasia;0.014285;0.310501;0.000004;0.011421;1;0;0.300000;0.200000;0.005631;exponential;0.280000;3600
38893;1367524124;6;euthanasia;-1.000000;-1.000000;0.000000;0.000000;1;0;0.300000;0.200000;0.005631;exponential;0.280000;3600
75178;1368091351;6;euthanasia;0.663959;0.324378;0.002588;0.000509;0;1;0.300000;0.200000;0.005631;exponential;0.280000;3600
38823;1359554117;5;euthanasia;-1.000000;-1.000000;0.000000;0.000000;1;0;0.300000;0.200000;0.005631;exponential;0.280000;3600
38823;1367687475;6;euthanasia;-1.000000;-1.000000;0.000000;0.000000;1;0;0.300000;0.200000;0.005631;exponential;0.280000;3600
85970;1367490953;6;euthanasia;-1.000000;-1.000000;0.000000;0.000183;1;1;0.300000;0.200000;0.005631;exponential;0.280000;3600
24760;1368620832;6;euthanasia;0.299993;0.656893;0.000001;0.163002;1;0;0.300000;0.200000;0.005631;exponential;0.280000;3600
14106;1368132864;6;euthanasia;-1.000000;-1.000000;0.000000;0.000074;1;1;0.300000;0.200000;0.005631;exponential;0.280000;3600
66245;1368107088;6;euthanasia;-1.000000;-1.000000;0.000000;0.000103;1;2;0.300000;0.200000;0.005631;exponential;0.280000;3600
80058;1369103584;6;euthanasia;0.126217;0.301450;0.411903;0.317090;2;1;0.300000;0.200000;0.005631;exponential;0.280000;3600
22617;1368362791;6;euthanasia;-1.000000;-1.000000;0.000000;0.000876;1;1;0.300000;0.200000;0.005631;exponential;0.280000;3600
73303;1368553726;6;euthanasia;-1.000000;-1.000000;0.000000;0.435566;1;1;0.300000;0.200000;0.005631;exponential;0.280000;3600
69065;1359036085;5;euthanasia;-1.000000;-1.000000;0.000000;0.000106;1;0;0.300000;0.200000;0.005631;exponential;0.280000;3600
69065;1368372471;6;euthanasia;-1.000000;-1.000000;0.000000;0.000000;1;0;0.300000;0.200000;0.005631;exponential;0.280000;3600
63063;1368387883;6;euthanasia;-1.000000;-1.000000;0.000000;0.006647;1;1;0.300000;0.200000;0.005631;exponential;0.280000;3600
73175;1367491895;6;euthanasia;-1.000000;-1.000000;0.000000;0.010888;1;2;0.300000;0.200000;0.005631;exponential;0.280000;3600
