StudentID;SurveyDate;SurveyNr;Question;LastOpinionChangeWeightA;LastOpinionChangeWeightB;SurveyWeightA;SurveyWeightB;OpinionSim;OpinionSurvey;Mu;Theta;Lambda;ForgettingType;Delta;Units
20905;1317045780;1;marijuana;0.984937;0.022902;0.984937;0.022902;0;0;0.300000;0.200000;0.005631;exponential;0.900000;3600
13116;1313432700;1;marijuana;0.022902;0.984937;0.022902;0.984937;1;1;0.300000;0.200000;0.005631;exponential;0.900000;3600
75178;1313444580;1;marijuana;0.435722;0.443866;0.435722;0.443866;2;2;0.300000;0.200000;0.005631;exponential;0.900000;3600
30952;1316439240;1;marijuana;0.022902;0.984937;0.022902;0.984937;1;1;0.300000;0.200000;0.005631;exponential;0.900000;3600
60830;1314048480;1;marijuana;0.022902;0.984937;0.022902;0.984937;1;1;0.300000;0.200000;0.005631;exponential;0.900000;3600
69669;1313606160;1;marijuana;0.984937;0.022902;0.984937;0.022902;0;0;0.300000;0.200000;0.005631;exponential;0.900000;3600
22931;1313609880;1;marijuana;0.984937;0.022902;0.984937;0.022902;0;0;0.300000;0.200000;0.005631;exponential;0.900000;3600
62555;1313417040;1;marijuana;0.435722;0.443866;0.435722;0.443866;2;2;0.300000;0.200000;0.005631;exponential;0.900000;3600
26999;1313413080;1;marijuana;0.984937;0.022902;0.984937;0.022902;0;0;0.300000;0.200000;0.005631;exponential;0.900000;3600
10841;1313421540;1;marijuana;0.984937;0.022902;0.984937;0.022902;0;0;0.300000;0.200000;0.005631;exponential;0.900000;3600
88133;1313962380;1;marijuana;0.984937;0.022902;0.984937;0.022902;0;0;0.300000;0.200000;0.005631;exponential;0.900000;3600
78966;1313483820;1;marijuana;0.984937;0.022902;0.984937;0.022902;0;0;0.300000;0.200000;0.005631;exponential;0.900000;3600
55464;1313446320;1;marijuana;0.022902;0.984937;0.022902;0.984937;1;1;0.300000;0.200000;0.005631;exponential;0.900000;3600
86352;1313594460;1;marijuana;0.022902;0.984937;0.022902;0.984937;1;1;0.300000;0.200000;0.005631;exponential;0.900000;3600
85596;1313415420;1;marijuana;0.984937;0.022902;0.984937;0.022902;0;0;0.300000;0.200000;0.005631;exponential;0.900000;3600
52923;1313444700;1;marijuana;0.022902;0.984937;0.022902;0.984937;1;1;0.300000;0.200000;0.005631;exponential;0.900000;3600
17353;1313526900;1;marijuana;0.984937;0.022902;0.984937;0.022902;0;0;0.300000;0.200000;0.005631;exponential;0.900000;3600
39122;1313414640;1;marijuana;0.022902;0.984937;0.022902;0.984937;1;1;0.300000;0.200000;0.005631;exponential;0.900000;3600
14188;1313424840;1;marijuana;0.984937;0.022902;0.984937;0.022902;0;0;0.300000;0.200000;0.005631;exponential;0.900000;3600
31583;1313715300;1;marijuana;0.984937;0.022902;0.984937;0.022902;0;0;0.300000;0.200000;0.005631;exponential;0.900000;3600
53275;1313429580;1;marijuana;0.435722;0.443866;0.435722;0.443866;2;2;0.300000;0.200000;0.005631;exponential;0.900000;3600
77824;1313443140;1;marijuana;0.984937;0.022902;0.984937;0.022902;0;0;0.300000;0.200000;0.005631;exponential;0.900000;3600
18394;1314015780;1;marijuana;0.435722;0.443866;0.435722;0.443866;2;2;0.300000;0.200000;0.005631;exponential;0.900000;3600
38901;1313572020;1;marijuana;0.984937;0.022902;0.984937;0.022902;0;0;0.300000;0.200000;0.005631;exponential;0.900000;3600
33094;1313420340;1;marijuana;0.022902;0.984937;0.022902;0.984937;1;1;0.300000;0.200000;0.005631;exponential;0.900000;3600
63757;1313420880;1;marijuana;0.984937;0.022902;0.984937;0.022902;0;0;0.300000;0.200000;0.005631;exponential;0.900000;3600
77291;1313704740;1;marijuana;0.022902;0.984937;0.022902;0.984937;1;1;0.300000;0.200000;0.005631;exponential;0.900000;3600
36006;1313441700;1;marijuana;0.984937;0.022902;0.984937;0.022902;0;0;0.300000;0.200000;0.005631;exponential;0.900000;3600
57637;1313445120;1;marijuana;0.022902;0.984937;0.022902;0.984937;1;1;0.300000;0.200000;0.005631;exponential;0.900000;3600
86610;1313430420;1;marijuana;0.984937;0.022902;0.984937;0.022902;0;0;0.300000;0.200000;0.005631;exponential;0.900000;3600
82060;1313513520;1;marijuana;0.984937;0.022902;0.984937;0.022902;0;0;0.300000;0.200000;0.005631;exponential;0.900000;3600
52067;1313433780;1;marijuana;0.022902;0.984937;0.022902;0.984937;1;1;0.300000;0.200000;0.005631;exponential;0.900000;3600
51102;1313423040;1;marijuana;0.435722;0.443866;0.435722;0.443866;2;2;0.300000;0.200000;0.005631;exponential;0.900000;3600
48187;1313427360;1;marijuana;0.022902;0.984937;0.022902;0.984937;1;1;0.300000;0.200000;0.005631;exponential;0.900000;3600
34853;1313419080;1;marijuana;0.984937;0.022902;0.984937;0.022902;0;0;0.300000;0.200000;0.005631;exponential;0.900000;3600
79877;1313424180;1;marijuana;0.022902;0.984937;0.022902;0.984937;1;1;0.300000;0.200000;0.005631;exponential;0.900000;3600
63188;1313418960;1;marijuana;0.984937;0.022902;0.984937;0.022902;0;0;0.300000;0.200000;0.005631;exponential;0.900000;3600
62560;1313794380;1;marijuana;0.984937;0.022902;0.984937;0.022902;0;0;0.300000;0.200000;0.005631;exponential;0.900000;3600
71627;1313683140;1;marijuana;0.022902;0.984937;0.022902;0.984937;1;1;0.300000;0.200000;0.005631;exponential;0.900000;3600
75261;1313473800;1;marijuana;0.022902;0.984937;0.022902;0.984937;1;1;0.300000;0.200000;0.005631;exponential;0.900000;3600
19844;1313505900;1;marijuana;0.435722;0.443866;0.435722;0.443866;2;2;0.300000;0.200000;0.005631;exponential;0.900000;3600
77023;1313446080;1;marijuana;0.984937;0.022902;0.984937;0.022902;0;0;0.300000;0.200000;0.005631;exponential;0.900000;3600
82282;1313503980;1;marijuana;0.984937;0.022902;0.984937;0.022902;0;0;0.300000;0.200000;0.005631;exponential;0.900000;3600
25323;1313630220;1;marijuana;0.435722;0.443866;0.435722;0.443866;2;2;0.300000;0.200000;0.005631;exponential;0.900000;3600
40997;1313415420;1;marijuana;0.022902;0.984937;0.022902;0.984937;1;1;0.300000;0.200000;0.005631;exponential;0.900000;3600
52635;1313414160;1;marijuana;0.022902;0.984937;0.022902;0.984937;1;1;0.300000;0.200000;0.005631;exponential;0.900000;3600
45945;1313515380;1;marijuana;0.022902;0.984937;0.022902;0.984937;1;1;0.300000;0.200000;0.005631;exponential;0.900000;3600
72746;1313481240;1;marijuana;0.022902;0.984937;0.022902;0.984937;1;1;0.300000;0.200000;0.005631;exponential;0.900000;3600
15071;1313422200;1;marijuana;0.022902;0.984937;0.022902;0.984937;1;1;0.300000;0.200000;0.005631;exponential;0.900000;3600
46771;1313413860;1;marijuana;0.022902;0.984937;0.022902;0.984937;1;1;0.300000;0.200000;0.005631;exponential;0.900000;3600
88175;1313478900;1;marijuana;0.984937;0.022902;0.984937;0.022902;0;0;0.300000;0.200000;0.005631;exponential;0.900000;3600
78638;1313505180;1;marijuana;0.984937;0.022902;0.984937;0.022902;0;0;0.300000;0.200000;0.005631;exponential;0.900000;3600
29914;1313567880;1;marijuana;0.022902;0.984937;0.022902;0.984937;1;1;0.300000;0.200000;0.005631;exponential;0.900000;3600
11023;1314177360;1;marijuana;0.984937;0.022902;0.984937;0.022902;0;0;0.300000;0.200000;0.005631;exponential;0.900000;3600
28831;1313448900;1;marijuana;0.984937;0.022902;0.984937;0.022902;0;0;0.300000;0.200000;0.005631;exponential;0.900000;3600
41393;1313450940;1;marijuana;0.435722;0.443866;0.435722;0.443866;2;2;0.300000;0.200000;0.005631;exponential;0.900000;3600
66404;1313439540;1;marijuana;0.984937;0.022902;0.984937;0.022902;0;0;0.300000;0.200000;0.005631;exponential;0.900000;3600
37617;1313429820;1;marijuana;0.435722;0.443866;0.435722;0.443866;2;2;0.300000;0.200000;0.005631;exponential;0.900000;3600
76313;1313870880;1;marijuana;0.022902;0.984937;0.022902;0.984937;1;1;0.300000;0.200000;0.005631;exponential;0.900000;3600
52441;1313578500;1;marijuana;0.022902;0.984937;0.022902;0.984937;1;1;0.300000;0.200000;0.005631;exponential;0.900000;3600
30076;1314215640;1;marijuana;0.984937;0.022902;0.984937;0.022902;0;0;0.300000;0.200000;0.005631;exponential;0.900000;3600
71700;1313511180;1;marijuana;0.435722;0.443866;0.435722;0.443866;2;2;0.300000;0.200000;0.005631;exponential;0.900000;3600
19066;1313432160;1;marijuana;0.984937;0.022902;0.984937;0.022902;0;0;0.300000;0.200000;0.005631;exponential;0.900000;3600
51675;1313482080;1;marijuana;0.435722;0.443866;0.435722;0.443866;2;2;0.300000;0.200000;0.005631;exponential;0.900000;3600
69065;1313426160;1;marijuana;0.022902;0.984937;0.022902;0.984937;1;1;0.300000;0.200000;0.005631;exponential;0.900000;3600
11360;1313618880;1;marijuana;0.022902;0.984937;0.022902;0.984937;1;1;0.300000;0.200000;0.005631;exponential;0.900000;3600
44520;1313433960;1;marijuana;0.022902;0.984937;0.022902;0.984937;1;1;0.300000;0.200000;0.005631;exponential;0.900000;3600
14106;1313421180;1;marijuana;0.984937;0.022902;0.984937;0.022902;0;0;0.300000;0.200000;0.005631;exponential;0.900000;3600
18420;1313434620;1;marijuana;0.984937;0.022902;0.984937;0.022902;0;0;0.300000;0.200000;0.005631;exponential;0.900000;3600
10353;1313573940;1;marijuana;0.022902;0.984937;0.022902;0.984937;1;1;0.300000;0.200000;0.005631;exponential;0.900000;3600
68533;1313431980;1;marijuana;0.984937;0.022902;0.984937;0.022902;0;0;0.300000;0.200000;0.005631;exponential;0.900000;3600
96600;1313575200;1;marijuana;0.984937;0.022902;0.984937;0.022902;0;0;0.300000;0.200000;0.005631;exponential;0.900000;3600
22617;1313446500;1;marijuana;0.984937;0.022902;0.984937;0.022902;0;0;0.300000;0.200000;0.005631;exponential;0.900000;3600
10060;1313479920;1;marijuana;0.984937;0.022902;0.984937;0.022902;0;0;0.300000;0.200000;0.005631;exponential;0.900000;3600
48429;1317075780;1;marijuana;0.022902;0.984937;0.022902;0.984937;1;1;0.300000;0.200000;0.005631;exponential;0.900000;3600
18344;1313422920;1;marijuana;0.435722;0.443866;0.435722;0.443866;2;2;0.300000;0.200000;0.005631;exponential;0.900000;3600
16495;1313706240;1;marijuana;0.022902;0.984937;0.022902;0.984937;1;1;0.300000;0.200000;0.005631;exponential;0.900000;3600
68494;1313497740;1;marijuana;0.984937;0.022902;0.984937;0.022902;0;0;0.300000;0.200000;0.005631;exponential;0.900000;3600
14962;1313708940;1;marijuana;0.022902;0.984937;0.022902;0.984937;1;1;0.300000;0.200000;0.005631;exponential;0.900000;3600
36143;1313437740;1;marijuana;0.984937;0.022902;0.984937;0.022902;0;0;0.300000;0.200000;0.005631;exponential;0.900000;3600
46021;1313436780;1;marijuana;0.022902;0.984937;0.022902;0.984937;1;1;0.300000;0.200000;0.005631;exponential;0.900000;3600
75468;1313484180;1;marijuana;0.022902;0.984937;0.022902;0.984937;1;1;0.300000;0.200000;0.005631;exponential;0.900000;3600
46654;1314006180;1;marijuana;0.984937;0.022902;0.984937;0.022902;0;0;0.300000;0.200000;0.005631;exponential;0.900000;3600
23642;1314049620;1;marijuana;0.984937;0.022902;0.984937;0.022902;0;0;0.300000;0.200000;0.005631;exponential;0.900000;3600
50869;1313422740;1;marijuana;0.984937;0.022902;0.984937;0.022902;0;0;0.300000;0.200000;0.005631;exponential;0.900000;3600
68633;1314108600;1;marijuana;0.984937;0.022902;0.984937;0.022902;0;0;0.300000;0.200000;0.005631;exponential;0.900000;3600
74916;1313497560;1;marijuana;0.984937;0.022902;0.984937;0.022902;0;0;0.300000;0.200000;0.005631;exponential;0.900000;3600
66991;1313502780;1;marijuana;0.984937;0.022902;0.984937;0.022902;0;0;0.300000;0.200000;0.005631;exponential;0.900000;3600
64772;1313540100;1;marijuana;0.435722;0.443866;0.435722;0.443866;2;2;0.300000;0.200000;0.005631;exponential;0.900000;3600
13896;1313414580;1;marijuana;0.984937;0.022902;0.984937;0.022902;0;0;0.300000;0.200000;0.005631;exponential;0.900000;3600
48990;1313883060;1;marijuana;0.984937;0.022902;0.984937;0.022902;0;0;0.300000;0.200000;0.005631;exponential;0.900000;3600
11692;1313443320;1;marijuana;0.022902;0.984937;0.022902;0.984937;1;1;0.300000;0.200000;0.005631;exponential;0.900000;3600
75466;1313415600;1;marijuana;0.022902;0.984937;0.022902;0.984937;1;1;0.300000;0.200000;0.005631;exponential;0.900000;3600
86237;1313534340;1;marijuana;0.022902;0.984937;0.022902;0.984937;1;1;0.300000;0.200000;0.005631;exponential;0.900000;3600
24853;1314019620;1;marijuana;0.435722;0.443866;0.435722;0.443866;2;2;0.300000;0.200000;0.005631;exponential;0.900000;3600
25494;1313453220;1;marijuana;0.984937;0.022902;0.984937;0.022902;0;0;0.300000;0.200000;0.005631;exponential;0.900000;3600
39783;1313610120;1;marijuana;0.984937;0.022902;0.984937;0.022902;0;0;0.300000;0.200000;0.005631;exponential;0.900000;3600
57896;1313506380;1;marijuana;0.435722;0.443866;0.435722;0.443866;2;2;0.300000;0.200000;0.005631;exponential;0.900000;3600
21350;1313461620;1;marijuana;0.022902;0.984937;0.022902;0.984937;1;1;0.300000;0.200000;0.005631;exponential;0.900000;3600
85970;1313415180;1;marijuana;0.984937;0.022902;0.984937;0.022902;0;0;0.300000;0.200000;0.005631;exponential;0.900000;3600
59367;1313419200;1;marijuana;0.984937;0.022902;0.984937;0.022902;0;0;0.300000;0.200000;0.005631;exponential;0.900000;3600
13799;1313425080;1;marijuana;0.984937;0.022902;0.984937;0.022902;0;0;0.300000;0.200000;0.005631;exponential;0.900000;3600
47230;1315332420;1;marijuana;0.984937;0.022902;0.984937;0.022902;0;0;0.300000;0.200000;0.005631;exponential;0.900000;3600
38823;1313526120;1;marijuana;0.984937;0.022902;0.984937;0.022902;0;0;0.300000;0.200000;0.005631;exponential;0.900000;3600
49597;1313432640;1;marijuana;0.984937;0.022902;0.984937;0.022902;0;0;0.300000;0.200000;0.005631;exponential;0.900000;3600
67947;1313619300;1;marijuana;0.984937;0.022902;0.984937;0.022902;0;0;0.300000;0.200000;0.005631;exponential;0.900000;3600
50709;1313479620;1;marijuana;0.984937;0.022902;0.984937;0.022902;0;0;0.300000;0.200000;0.005631;exponential;0.900000;3600
70889;1313497740;1;marijuana;0.984937;0.022902;0.984937;0.022902;0;0;0.300000;0.200000;0.005631;exponential;0.900000;3600
86727;1313586360;1;marijuana;0.984937;0.022902;0.984937;0.022902;0;0;0.300000;0.200000;0.005631;exponential;0.900000;3600
45539;1314453720;1;marijuana;0.984937;0.022902;0.984937;0.022902;0;0;0.300000;0.200000;0.005631;exponential;0.900000;3600
17041;1313698800;1;marijuana;0.984937;0.022902;0.984937;0.022902;0;0;0.300000;0.200000;0.005631;exponential;0.900000;3600
89827;1313773680;1;marijuana;0.435722;0.443866;0.435722;0.443866;2;2;0.300000;0.200000;0.005631;exponential;0.900000;3600
16313;1313426340;1;marijuana;0.984937;0.022902;0.984937;0.022902;0;0;0.300000;0.200000;0.005631;exponential;0.900000;3600
22540;1313426520;1;marijuana;0.984937;0.022902;0.984937;0.022902;0;0;0.300000;0.200000;0.005631;exponential;0.900000;3600
40557;1313420220;1;marijuana;0.022902;0.984937;0.022902;0.984937;1;1;0.300000;0.200000;0.005631;exponential;0.900000;3600
66754;1313458920;1;marijuana;0.022902;0.984937;0.022902;0.984937;1;1;0.300000;0.200000;0.005631;exponential;0.900000;3600
66245;1314108060;1;marijuana;0.984937;0.022902;0.984937;0.022902;0;0;0.300000;0.200000;0.005631;exponential;0.900000;3600
32174;1314789840;1;marijuana;0.022902;0.984937;0.022902;0.984937;1;1;0.300000;0.200000;0.005631;exponential;0.900000;3600
73175;1317044580;1;marijuana;0.022902;0.984937;0.022902;0.984937;1;1;0.300000;0.200000;0.005631;exponential;0.900000;3600
23144;1313423280;1;marijuana;0.984937;0.022902;0.984937;0.022902;0;0;0.300000;0.200000;0.005631;exponential;0.900000;3600
44956;1313419020;1;marijuana;0.984937;0.022902;0.984937;0.022902;0;0;0.300000;0.200000;0.005631;exponential;0.900000;3600
84625;1313636460;1;marijuana;0.984937;0.022902;0.984937;0.022902;0;0;0.300000;0.200000;0.005631;exponential;0.900000;3600
24760;1313452860;1;marijuana;0.435722;0.443866;0.435722;0.443866;2;2;0.300000;0.200000;0.005631;exponential;0.900000;3600
50947;1314264900;1;marijuana;0.984937;0.022902;0.984937;0.022902;0;0;0.300000;0.200000;0.005631;exponential;0.900000;3600
51597;1313701380;1;marijuana;0.984937;0.022902;0.984937;0.022902;0;0;0.300000;0.200000;0.005631;exponential;0.900000;3600
25171;1313487480;1;marijuana;0.984937;0.022902;0.984937;0.022902;0;0;0.300000;0.200000;0.005631;exponential;0.900000;3600
58909;1313494200;1;marijuana;0.435722;0.443866;0.435722;0.443866;2;2;0.300000;0.200000;0.005631;exponential;0.900000;3600
52615;1314777900;1;marijuana;0.022902;0.984937;0.022902;0.984937;1;1;0.300000;0.200000;0.005631;exponential;0.900000;3600
25947;1313489940;1;marijuana;0.984937;0.022902;0.984937;0.022902;0;0;0.300000;0.200000;0.005631;exponential;0.900000;3600
34250;1313583480;1;marijuana;0.984937;0.022902;0.984937;0.022902;0;0;0.300000;0.200000;0.005631;exponential;0.900000;3600
44167;1313433120;1;marijuana;0.022902;0.984937;0.022902;0.984937;1;1;0.300000;0.200000;0.005631;exponential;0.900000;3600
65102;1313413920;1;marijuana;0.984937;0.022902;0.984937;0.022902;0;0;0.300000;0.200000;0.005631;exponential;0.900000;3600
22745;1313416620;1;marijuana;0.022902;0.984937;0.022902;0.984937;1;1;0.300000;0.200000;0.005631;exponential;0.900000;3600
61280;1313434980;1;marijuana;0.435722;0.443866;0.435722;0.443866;2;2;0.300000;0.200000;0.005631;exponential;0.900000;3600
55594;1317469920;1;marijuana;0.984937;0.022902;0.984937;0.022902;0;0;0.300000;0.200000;0.005631;exponential;0.900000;3600
46584;1314022500;1;marijuana;0.984937;0.022902;0.984937;0.022902;0;0;0.300000;0.200000;0.005631;exponential;0.900000;3600
35227;1313513100;1;marijuana;0.984937;0.022902;0.984937;0.022902;0;0;0.300000;0.200000;0.005631;exponential;0.900000;3600
52385;1314136320;1;marijuana;0.022902;0.984937;0.022902;0.984937;1;1;0.300000;0.200000;0.005631;exponential;0.900000;3600
26127;1313708280;1;marijuana;0.435722;0.443866;0.435722;0.443866;2;2;0.300000;0.200000;0.005631;exponential;0.900000;3600
38893;1314221820;1;marijuana;0.984937;0.022902;0.984937;0.022902;0;0;0.300000;0.200000;0.005631;exponential;0.900000;3600
45292;1313507100;1;marijuana;0.022902;0.984937;0.022902;0.984937;1;1;0.300000;0.200000;0.005631;exponential;0.900000;3600
31372;1313822700;1;marijuana;0.984937;0.022902;0.984937;0.022902;0;0;0.300000;0.200000;0.005631;exponential;0.900000;3600
71782;1313617500;1;marijuana;0.435722;0.443866;0.435722;0.443866;2;2;0.300000;0.200000;0.005631;exponential;0.900000;3600
39701;1313712960;1;marijuana;0.984937;0.022902;0.984937;0.022902;0;0;0.300000;0.200000;0.005631;exponential;0.900000;3600
45000;1313419140;1;marijuana;0.984937;0.022902;0.984937;0.022902;0;0;0.300000;0.200000;0.005631;exponential;0.900000;3600
73303;1313442720;1;marijuana;0.022902;0.984937;0.022902;0.984937;1;1;0.300000;0.200000;0.005631;exponential;0.900000;3600
51470;1313432760;1;marijuana;0.022902;0.984937;0.022902;0.984937;1;1;0.300000;0.200000;0.005631;exponential;0.900000;3600
84472;1313425140;1;marijuana;0.022902;0.984937;0.022902;0.984937;1;1;0.300000;0.200000;0.005631;exponential;0.900000;3600
86009;1313415960;1;marijuana;0.984937;0.022902;0.984937;0.022902;0;0;0.300000;0.200000;0.005631;exponential;0.900000;3600
46160;1313416740;1;marijuana;0.984937;0.022902;0.984937;0.022902;0;0;0.300000;0.200000;0.005631;exponential;0.900000;3600
84215;1313446440;1;marijuana;0.435722;0.443866;0.435722;0.443866;2;2;0.300000;0.200000;0.005631;exponential;0.900000;3600
25544;1314968520;1;marijuana;0.984937;0.022902;0.984937;0.022902;0;0;0.300000;0.200000;0.005631;exponential;0.900000;3600
50181;1314801840;1;marijuana;0.984937;0.022902;0.984937;0.022902;0;0;0.300000;0.200000;0.005631;exponential;0.900000;3600
63817;1313538900;1;marijuana;0.984937;0.022902;0.984937;0.022902;0;0;0.300000;0.200000;0.005631;exponential;0.900000;3600
83568;1314192900;1;marijuana;0.984937;0.022902;0.984937;0.022902;0;0;0.300000;0.200000;0.005631;exponential;0.900000;3600
49294;1313492520;1;marijuana;0.984937;0.022902;0.984937;0.022902;0;0;0.300000;0.200000;0.005631;exponential;0.900000;3600
53884;1313417760;1;marijuana;0.984937;0.022902;0.984937;0.022902;0;0;0.300000;0.200000;0.005631;exponential;0.900000;3600
51722;1313415960;1;marijuana;0.435722;0.443866;0.435722;0.443866;2;2;0.300000;0.200000;0.005631;exponential;0.900000;3600
66052;1313615100;1;marijuana;0.435722;0.443866;0.435722;0.443866;2;2;0.300000;0.200000;0.005631;exponential;0.900000;3600
23040;1313524380;1;marijuana;0.435722;0.443866;0.435722;0.443866;2;2;0.300000;0.200000;0.005631;exponential;0.900000;3600
71518;1314049200;1;marijuana;0.984937;0.022902;0.984937;0.022902;0;0;0.300000;0.200000;0.005631;exponential;0.900000;3600
51552;1314778320;1;marijuana;0.984937;0.022902;0.984937;0.022902;0;0;0.300000;0.200000;0.005631;exponential;0.900000;3600
80058;1313547600;1;marijuana;0.435722;0.443866;0.435722;0.443866;2;2;0.300000;0.200000;0.005631;exponential;0.900000;3600
78911;1313432580;1;marijuana;0.435722;0.443866;0.435722;0.443866;2;2;0.300000;0.200000;0.005631;exponential;0.900000;3600
10281;1313436960;1;marijuana;0.984937;0.022902;0.984937;0.022902;0;0;0.300000;0.200000;0.005631;exponential;0.900000;3600
26425;1313519160;1;marijuana;0.435722;0.443866;0.435722;0.443866;2;2;0.300000;0.200000;0.005631;exponential;0.900000;3600
84841;1313797740;1;marijuana;0.984937;0.022902;0.984937;0.022902;0;0;0.300000;0.200000;0.005631;exponential;0.900000;3600
40629;1313420880;1;marijuana;0.022902;0.984937;0.022902;0.984937;1;1;0.300000;0.200000;0.005631;exponential;0.900000;3600
32899;1313513940;1;marijuana;0.984937;0.022902;0.984937;0.022902;0;0;0.300000;0.200000;0.005631;exponential;0.900000;3600
65526;1313417340;1;marijuana;0.022902;0.984937;0.022902;0.984937;1;1;0.300000;0.200000;0.005631;exponential;0.900000;3600
78062;1313968200;1;marijuana;0.435722;0.443866;0.435722;0.443866;2;2;0.300000;0.200000;0.005631;exponential;0.900000;3600
71187;1313415180;1;marijuana;0.022902;0.984937;0.022902;0.984937;1;1;0.300000;0.200000;0.005631;exponential;0.900000;3600
63063;1313419680;1;marijuana;0.022902;0.984937;0.022902;0.984937;1;1;0.300000;0.200000;0.005631;exponential;0.900000;3600
38927;1313439600;1;marijuana;0.984937;0.022902;0.984937;0.022902;0;0;0.300000;0.200000;0.005631;exponential;0.900000;3600
36951;1313421600;1;marijuana;0.022902;0.984937;0.022902;0.984937;1;1;0.300000;0.200000;0.005631;exponential;0.900000;3600
32100;1313435820;1;marijuana;0.435722;0.443866;0.435722;0.443866;2;2;0.300000;0.200000;0.005631;exponential;0.900000;3600
83184;1313441160;1;marijuana;0.022902;0.984937;0.022902;0.984937;1;1;0.300000;0.200000;0.005631;exponential;0.900000;3600
13882;1313450820;1;marijuana;0.984937;0.022902;0.984937;0.022902;2;2;0.300000;0.200000;0.005631;exponential;0.900000;3600
44947;1314035280;1;marijuana;0.984937;0.022902;0.984937;0.022902;0;0;0.300000;0.200000;0.005631;exponential;0.900000;3600
85596;1327750697;2;marijuana;0.632462;0.310294;0.901847;0.913631;2;0;0.300000;0.200000;0.005631;exponential;0.900000;3600
25323;1327755029;2;marijuana;-1.000000;-1.000000;0.774027;0.733478;2;2;0.300000;0.200000;0.005631;exponential;0.900000;3600
63188;1327756552;2;marijuana;0.518606;0.308441;0.787333;0.770538;2;0;0.300000;0.200000;0.005631;exponential;0.900000;3600
22931;1327758404;2;marijuana;0.888024;0.019533;0.931773;0.718551;2;0;0.300000;0.200000;0.005631;exponential;0.900000;3600
75261;1327765843;2;marijuana;0.011603;0.649299;0.935130;0.933473;2;1;0.300000;0.200000;0.005631;exponential;0.900000;3600
79877;1327750758;2;marijuana;0.308160;0.501321;0.865477;0.845996;2;0;0.300000;0.200000;0.005631;exponential;0.900000;3600
47230;1327776656;2;marijuana;0.328528;0.305347;0.747046;0.536330;2;0;0.300000;0.200000;0.005631;exponential;0.900000;3600
51102;1327770231;2;marijuana;-1.000000;-1.000000;0.846895;0.793606;2;2;0.300000;0.200000;0.005631;exponential;0.900000;3600
34853;1327756981;2;marijuana;0.520498;0.308472;0.000000;0.000000;2;1;0.300000;0.200000;0.005631;exponential;0.900000;3600
37617;1327779275;2;marijuana;-1.000000;-1.000000;0.717845;0.608863;2;2;0.300000;0.200000;0.005631;exponential;0.900000;3600
88133;1327783125;2;marijuana;0.806975;0.016841;0.909084;0.859434;2;2;0.300000;0.200000;0.005631;exponential;0.900000;3600
57637;1327759148;2;marijuana;0.309144;0.561784;0.291620;0.318745;2;1;0.300000;0.200000;0.005631;exponential;0.900000;3600
29914;1327748032;2;marijuana;0.307739;0.475453;0.450190;0.408831;2;1;0.300000;0.200000;0.005631;exponential;0.900000;3600
73303;1327840779;2;marijuana;0.301069;0.065686;0.526360;0.691317;2;1;0.300000;0.200000;0.005631;exponential;0.900000;3600
22617;1327754446;2;marijuana;0.602553;0.010050;0.661965;0.416862;2;1;0.300000;0.200000;0.005631;exponential;0.900000;3600
24760;1327749620;2;marijuana;-1.000000;-1.000000;0.859945;0.844973;2;1;0.300000;0.200000;0.005631;exponential;0.900000;3600
61280;1327762152;2;marijuana;-1.000000;-1.000000;0.814298;0.851532;2;1;0.300000;0.200000;0.005631;exponential;0.900000;3600
46021;1327766613;2;marijuana;0.974456;0.307856;0.834431;0.753871;2;1;0.300000;0.200000;0.005631;exponential;0.900000;3600
59367;1327852103;2;marijuana;0.801706;0.014340;0.599612;0.743723;2;0;0.300000;0.200000;0.005631;exponential;0.900000;3600
64772;1327928920;2;marijuana;-1.000000;-1.000000;0.817701;0.732458;2;0;0.300000;0.200000;0.005631;exponential;0.900000;3600
58909;1327870827;2;marijuana;-1.000000;-1.000000;0.234398;0.235372;2;1;0.300000;0.200000;0.005631;exponential;0.900000;3600
77291;1327863965;2;marijuana;0.305403;0.331941;0.602954;0.650324;2;1;0.300000;0.200000;0.005631;exponential;0.900000;3600
89827;1327864479;2;marijuana;-1.000000;-1.000000;0.839513;0.851940;2;1;0.300000;0.200000;0.005631;exponential;0.900000;3600
66754;1327940487;2;marijuana;0.304725;0.290264;0.764976;0.760448;2;1;0.300000;0.200000;0.005631;exponential;0.900000;3600
10060;1327863794;2;marijuana;0.431095;0.307017;0.810184;0.680680;2;1;0.300000;0.200000;0.005631;exponential;0.900000;3600
68633;1327939103;2;marijuana;0.571955;0.009034;0.849763;0.838536;2;0;0.300000;0.200000;0.005631;exponential;0.900000;3600
77824;1327871101;2;marijuana;0.577177;0.309395;0.800871;0.773516;2;0;0.300000;0.200000;0.005631;exponential;0.900000;3600
51722;1327953563;2;marijuana;-1.000000;-1.000000;0.805269;0.824602;2;1;0.300000;0.200000;0.005631;exponential;0.900000;3600
49294;1327844177;2;marijuana;0.329833;0.000991;0.011918;0.823070;2;0;0.300000;0.200000;0.005631;exponential;0.900000;3600
31583;1327856670;2;marijuana;0.719586;0.013938;0.321252;0.348678;2;1;0.300000;0.200000;0.005631;exponential;0.900000;3600
39122;1327843660;2;marijuana;0.014657;0.741234;0.515014;0.542759;2;1;0.300000;0.200000;0.005631;exponential;0.900000;3600
19844;1328254279;2;marijuana;-1.000000;-1.000000;0.801736;0.708534;2;0;0.300000;0.200000;0.005631;exponential;0.900000;3600
72746;1328265908;2;marijuana;0.307894;0.484962;0.634972;0.384108;2;1;0.300000;0.200000;0.005631;exponential;0.900000;3600
21350;1328265924;2;marijuana;0.305600;0.344043;0.761211;0.597058;2;1;0.300000;0.200000;0.005631;exponential;0.900000;3600
45539;1328259951;2;marijuana;0.508835;0.006937;0.955340;0.956525;2;0;0.300000;0.200000;0.005631;exponential;0.900000;3600
78911;1328301948;2;marijuana;-1.000000;-1.000000;0.840014;0.643119;2;2;0.300000;0.200000;0.005631;exponential;0.900000;3600
45945;1328267808;2;marijuana;0.011294;0.639982;0.577305;0.592938;2;1;0.300000;0.200000;0.005631;exponential;0.900000;3600
16495;1327837590;2;marijuana;0.306872;0.422188;0.598240;0.635417;2;1;0.300000;0.200000;0.005631;exponential;0.900000;3600
44520;1327875281;2;marijuana;0.010540;0.617309;0.633247;0.346783;2;1;0.300000;0.200000;0.005631;exponential;0.900000;3600
38823;1327841929;2;marijuana;0.328380;0.305345;0.000339;0.160971;2;0;0.300000;0.200000;0.005631;exponential;0.900000;3600
74916;1328263851;2;marijuana;0.388022;0.306316;0.904930;0.763088;2;2;0.300000;0.200000;0.005631;exponential;0.900000;3600
63757;1328295943;2;marijuana;0.976411;0.323955;0.863619;0.896775;2;0;0.300000;0.200000;0.005631;exponential;0.900000;3600
44167;1327922445;2;marijuana;0.004976;0.449809;0.251640;0.613809;2;1;0.300000;0.200000;0.005631;exponential;0.900000;3600
71700;1328286403;2;marijuana;-1.000000;-1.000000;0.273926;0.331109;2;2;0.300000;0.200000;0.005631;exponential;0.900000;3600
52923;1328385752;2;marijuana;0.310455;0.642294;0.441183;0.796309;2;1;0.300000;0.200000;0.005631;exponential;0.900000;3600
76313;1328384530;2;marijuana;0.307751;0.476186;0.031909;0.031943;2;1;0.300000;0.200000;0.005631;exponential;0.900000;3600
36143;1328268909;2;marijuana;0.589081;0.009603;0.327001;0.003704;2;2;0.300000;0.200000;0.005631;exponential;0.900000;3600
86727;1328453040;2;marijuana;0.290923;0.304735;0.793034;0.794803;2;0;0.300000;0.200000;0.005631;exponential;0.900000;3600
25171;1327846992;2;marijuana;0.456680;0.005205;0.000036;0.000000;2;0;0.300000;0.200000;0.005631;exponential;0.900000;3600
25947;1328474436;2;marijuana;0.212919;0.303466;0.801527;0.778618;2;0;0.300000;0.200000;0.005631;exponential;0.900000;3600
40997;1328487549;2;marijuana;0.307160;0.439872;0.856826;0.904320;2;0;0.300000;0.200000;0.005631;exponential;0.900000;3600
30076;1328479114;2;marijuana;0.508187;0.006916;0.835697;0.863010;2;0;0.300000;0.200000;0.005631;exponential;0.900000;3600
35227;1328494242;2;marijuana;0.404531;0.003472;0.846709;0.822778;2;0;0.300000;0.200000;0.005631;exponential;0.900000;3600
10841;1328538723;2;marijuana;0.653188;0.310632;0.782704;0.862717;2;0;0.300000;0.200000;0.005631;exponential;0.900000;3600
46584;1328473921;2;marijuana;0.418293;0.003929;0.354667;0.676938;2;2;0.300000;0.200000;0.005631;exponential;0.900000;3600
15071;1328477223;2;marijuana;0.307290;0.447867;0.000139;0.116624;2;1;0.300000;0.200000;0.005631;exponential;0.900000;3600
51675;1327758898;2;marijuana;-1.000000;-1.000000;0.000028;0.000028;2;2;0.300000;0.200000;0.005631;exponential;0.900000;3600
18394;1328568837;2;marijuana;-1.000000;-1.000000;0.889128;0.946266;2;0;0.300000;0.200000;0.005631;exponential;0.900000;3600
82282;1328268172;2;marijuana;0.643510;0.011411;0.368175;0.651127;2;1;0.300000;0.200000;0.005631;exponential;0.900000;3600
71627;1328465134;2;marijuana;0.307235;0.444509;0.955867;0.970474;2;1;0.300000;0.200000;0.005631;exponential;0.900000;3600
22745;1328632874;2;marijuana;0.303014;0.185141;0.720050;0.758930;2;1;0.300000;0.200000;0.005631;exponential;0.900000;3600
86352;1328440800;2;marijuana;0.014442;0.734757;0.798840;0.738901;2;0;0.300000;0.200000;0.005631;exponential;0.900000;3600
66991;1328470451;2;marijuana;0.312046;0.926997;0.000666;0.296094;2;0;0.300000;0.200000;0.005631;exponential;0.900000;3600
50869;1327750271;2;marijuana;0.578148;0.009240;0.000089;0.000105;2;0;0.300000;0.200000;0.005631;exponential;0.900000;3600
53275;1328491223;2;marijuana;-1.000000;-1.000000;0.665226;0.904496;2;2;0.300000;0.200000;0.005631;exponential;0.900000;3600
13799;1328733719;2;marijuana;0.293125;0.304771;0.936068;0.933058;2;0;0.300000;0.200000;0.005631;exponential;0.900000;3600
75466;1328300223;2;marijuana;0.008790;0.564620;0.004065;0.004067;2;1;0.300000;0.200000;0.005631;exponential;0.900000;3600
46160;1328469407;2;marijuana;0.058517;0.300952;0.839573;0.781823;2;2;0.300000;0.200000;0.005631;exponential;0.900000;3600
25494;1328527531;2;marijuana;0.370826;0.306036;0.140232;0.070095;2;2;0.300000;0.200000;0.005631;exponential;0.900000;3600
34250;1328473079;2;marijuana;0.536067;0.301447;0.357559;0.402248;2;2;0.300000;0.200000;0.005631;exponential;0.900000;3600
75468;1328387422;2;marijuana;0.306374;0.391598;0.724725;0.734828;2;0;0.300000;0.200000;0.005631;exponential;0.900000;3600
33094;1328887927;2;marijuana;0.309156;0.562499;0.778587;0.829104;2;1;0.300000;0.200000;0.005631;exponential;0.900000;3600
18344;1328896593;2;marijuana;-1.000000;-1.000000;0.817434;0.829330;2;2;0.300000;0.200000;0.005631;exponential;0.900000;3600
17353;1327759611;2;marijuana;0.637866;0.310382;0.000071;0.751432;2;0;0.300000;0.200000;0.005631;exponential;0.900000;3600
84625;1328952718;2;marijuana;0.312034;0.959319;0.746034;0.907009;2;1;0.300000;0.200000;0.005631;exponential;0.900000;3600
52441;1328963169;2;marijuana;0.307749;0.476067;0.947363;0.943831;2;1;0.300000;0.200000;0.005631;exponential;0.900000;3600
78638;1328986279;2;marijuana;0.909073;0.303559;0.540281;0.654537;2;0;0.300000;0.200000;0.005631;exponential;0.900000;3600
11692;1328357755;2;marijuana;0.306230;0.382774;0.186636;0.244071;2;0;0.300000;0.200000;0.005631;exponential;0.900000;3600
52067;1329057496;2;marijuana;0.308797;0.540467;0.846227;0.848302;2;1;0.300000;0.200000;0.005631;exponential;0.900000;3600
46771;1328993355;2;marijuana;0.011262;0.639026;0.912008;0.919867;2;1;0.300000;0.200000;0.005631;exponential;0.900000;3600
55464;1328479616;2;marijuana;0.310609;0.651760;0.044450;0.029861;2;2;0.300000;0.200000;0.005631;exponential;0.900000;3600
23144;1329131839;2;marijuana;0.454223;0.005123;0.879636;0.940186;2;0;0.300000;0.200000;0.005631;exponential;0.900000;3600
83568;1328887700;2;marijuana;0.329845;0.000991;0.424541;0.391030;2;0;0.300000;0.200000;0.005631;exponential;0.900000;3600
32899;1328274739;2;marijuana;0.300227;0.000008;0.327807;0.001954;2;0;0.300000;0.200000;0.005631;exponential;0.900000;3600
57896;1328955990;2;marijuana;-1.000000;-1.000000;0.694386;0.565127;2;1;0.300000;0.200000;0.005631;exponential;0.900000;3600
63063;1329170631;2;marijuana;0.917574;0.000000;0.765721;0.000000;0;1;0.300000;0.200000;0.005631;exponential;0.900000;3600
23642;1329240776;2;marijuana;0.396965;0.306461;0.780193;0.786010;2;0;0.300000;0.200000;0.005631;exponential;0.900000;3600
18420;1327758952;2;marijuana;0.439530;0.307154;0.000001;0.000000;2;0;0.300000;0.200000;0.005631;exponential;0.900000;3600
31372;1329228855;2;marijuana;0.115808;0.301885;0.752380;0.748426;2;2;0.300000;0.200000;0.005631;exponential;0.900000;3600
83184;1328360094;2;marijuana;-1.000000;-1.000000;0.000000;0.000000;1;1;0.300000;0.200000;0.005631;exponential;0.900000;3600
68494;1329436402;2;marijuana;0.414066;0.306740;0.975093;0.977683;2;0;0.300000;0.200000;0.005631;exponential;0.900000;3600
71187;1327746207;2;marijuana;0.300000;0.000021;0.236078;0.241600;2;1;0.300000;0.200000;0.005631;exponential;0.900000;3600
36006;1327749264;2;marijuana;0.692884;0.013051;0.278124;0.278125;2;0;0.300000;0.200000;0.005631;exponential;0.900000;3600
66245;1329055244;2;marijuana;0.501528;0.006694;0.000974;0.000242;2;2;0.300000;0.200000;0.005631;exponential;0.900000;3600
96600;1327750862;2;marijuana;0.604633;0.010119;0.078060;0.005278;2;2;0.300000;0.200000;0.005631;exponential;0.900000;3600
14962;1329676081;2;marijuana;0.306743;0.414289;0.411159;0.418669;2;1;0.300000;0.200000;0.005631;exponential;0.900000;3600
30952;1328918031;2;marijuana;0.315965;0.986589;0.426628;0.443203;2;2;0.300000;0.200000;0.005631;exponential;0.900000;3600
82060;1329922974;2;marijuana;0.683810;0.012749;0.924136;0.920689;2;0;0.300000;0.200000;0.005631;exponential;0.900000;3600
62560;1329124009;2;marijuana;0.659675;0.011948;0.219455;0.457711;2;0;0.300000;0.200000;0.005631;exponential;0.900000;3600
86610;1329921967;2;marijuana;0.548088;0.308921;0.914482;0.929134;2;2;0.300000;0.200000;0.005631;exponential;0.900000;3600
38901;1329925752;2;marijuana;0.659119;0.011929;0.751814;0.793165;2;2;0.300000;0.200000;0.005631;exponential;0.900000;3600
85970;1327832138;2;marijuana;0.001165;0.912750;0.000128;0.100296;1;0;0.300000;0.200000;0.005631;exponential;0.900000;3600
88175;1329925040;2;marijuana;0.366240;0.305961;0.645952;0.658844;2;2;0.300000;0.200000;0.005631;exponential;0.900000;3600
51470;1329936296;2;marijuana;0.970661;0.345726;0.393592;0.318544;2;1;0.300000;0.200000;0.005631;exponential;0.900000;3600
49597;1330014095;2;marijuana;0.943823;0.321373;0.628651;0.452713;2;0;0.300000;0.200000;0.005631;exponential;0.900000;3600
32100;1329930136;2;marijuana;-1.000000;-1.000000;0.724661;0.777871;2;2;0.300000;0.200000;0.005631;exponential;0.900000;3600
48990;1328613381;2;marijuana;0.915864;0.000005;0.224677;0.000001;0;2;0.300000;0.200000;0.005631;exponential;0.900000;3600
39701;1329924477;2;marijuana;0.353173;0.001766;0.000710;0.000490;2;0;0.300000;0.200000;0.005631;exponential;0.900000;3600
71518;1327755593;2;marijuana;0.609784;0.300119;0.012521;0.012548;2;0;0.300000;0.200000;0.005631;exponential;0.900000;3600
25544;1330090531;2;marijuana;0.330133;0.001001;0.576269;0.575903;2;0;0.300000;0.200000;0.005631;exponential;0.900000;3600
86237;1329924872;2;marijuana;0.306147;0.377675;0.085769;0.012041;2;1;0.300000;0.200000;0.005631;exponential;0.900000;3600
67947;1330117829;2;marijuana;0.522583;0.007394;0.706090;0.711946;2;1;0.300000;0.200000;0.005631;exponential;0.900000;3600
39783;1330168312;2;marijuana;0.559546;0.008622;0.874710;0.848773;2;0;0.300000;0.200000;0.005631;exponential;0.900000;3600
86009;1329988934;2;marijuana;0.065394;0.301064;0.280613;0.614439;2;0;0.300000;0.200000;0.005631;exponential;0.900000;3600
68533;1329924474;2;marijuana;0.434914;0.307079;0.000052;0.000042;2;0;0.300000;0.200000;0.005631;exponential;0.900000;3600
48429;1329922184;2;marijuana;0.009242;0.578231;0.306914;0.524776;2;1;0.300000;0.200000;0.005631;exponential;0.900000;3600
26425;1330217794;2;marijuana;0.000352;0.906990;0.000268;0.691121;1;2;0.300000;0.200000;0.005631;exponential;0.900000;3600
52615;1327745530;2;marijuana;0.303507;0.215475;0.000001;0.003397;2;1;0.300000;0.200000;0.005631;exponential;0.900000;3600
84472;1330020197;2;marijuana;0.001528;0.345986;0.337358;0.436453;2;1;0.300000;0.200000;0.005631;exponential;0.900000;3600
40557;1329922795;2;marijuana;0.006739;0.502868;0.563866;0.810744;2;1;0.300000;0.200000;0.005631;exponential;0.900000;3600
11360;1330446642;2;marijuana;0.307336;0.450716;0.900889;0.836347;2;1;0.300000;0.200000;0.005631;exponential;0.900000;3600
45292;1330446935;2;marijuana;0.302070;0.127158;0.892108;0.976098;2;1;0.300000;0.200000;0.005631;exponential;0.900000;3600
66052;1327849204;2;marijuana;-1.000000;-1.000000;0.000023;0.000023;2;1;0.300000;0.200000;0.005631;exponential;0.900000;3600
19066;1330504723;2;marijuana;0.474261;0.307719;0.074770;0.077988;2;0;0.300000;0.200000;0.005631;exponential;0.900000;3600
80058;1329958101;2;marijuana;-1.000000;-1.000000;0.133631;0.133812;2;2;0.300000;0.200000;0.005631;exponential;0.900000;3600
36951;1329947628;2;marijuana;0.300000;0.904614;0.421451;0.426456;2;1;0.300000;0.200000;0.005631;exponential;0.900000;3600
10281;1328890538;2;marijuana;0.306118;0.000203;0.000000;0.000000;2;0;0.300000;0.200000;0.005631;exponential;0.900000;3600
13116;1330528096;2;marijuana;0.316032;0.984937;0.518671;0.536913;2;2;0.300000;0.200000;0.005631;exponential;0.900000;3600
51597;1328453584;2;marijuana;0.928204;0.004733;0.734411;0.003745;0;0;0.300000;0.200000;0.005631;exponential;0.900000;3600
51552;1330608722;2;marijuana;0.302021;0.000067;0.219296;0.359466;2;0;0.300000;0.200000;0.005631;exponential;0.900000;3600
77023;1330475480;2;marijuana;0.484625;0.307888;0.099719;0.193837;2;2;0.300000;0.200000;0.005631;exponential;0.900000;3600
38893;1328268175;2;marijuana;0.132346;0.302154;0.000000;0.000000;2;0;0.300000;0.200000;0.005631;exponential;0.900000;3600
26127;1330474039;2;marijuana;-1.000000;-1.000000;0.411899;0.370285;2;2;0.300000;0.200000;0.005631;exponential;0.900000;3600
69669;1327759318;2;marijuana;0.840548;0.313681;0.223493;0.223490;2;1;0.300000;0.200000;0.005631;exponential;0.900000;3600
62555;1330038424;2;marijuana;-1.000000;-1.000000;0.131026;0.064889;2;1;0.300000;0.200000;0.005631;exponential;0.900000;3600
84215;1329503100;2;marijuana;-1.000000;-1.000000;0.000017;0.000016;2;2;0.300000;0.200000;0.005631;exponential;0.900000;3600
78966;1327777737;2;marijuana;-1.000000;-1.000000;0.000000;0.000000;0;0;0.300000;0.200000;0.005631;exponential;0.900000;3600
52635;1327843765;2;marijuana;0.011390;0.642899;0.000000;0.000000;2;2;0.300000;0.200000;0.005631;exponential;0.900000;3600
66404;1327929461;2;marijuana;0.633743;0.011086;0.000186;0.000006;2;2;0.300000;0.200000;0.005631;exponential;0.900000;3600
73175;1328279727;2;marijuana;0.304637;0.284866;0.000000;0.000000;2;1;0.300000;0.200000;0.005631;exponential;0.900000;3600
75178;1328890044;2;marijuana;-1.000000;-1.000000;0.051476;0.059087;2;2;0.300000;0.200000;0.005631;exponential;0.900000;3600
14188;1328963330;2;marijuana;0.598645;0.309744;0.621383;0.436768;2;0;0.300000;0.200000;0.005631;exponential;0.900000;3600
32174;1330027991;2;marijuana;0.304665;0.286606;0.000000;0.000000;2;1;0.300000;0.200000;0.005631;exponential;0.900000;3600
10353;1327787232;2;marijuana;0.307156;0.439620;0.000000;0.000001;2;2;0.300000;0.200000;0.005631;exponential;0.900000;3600
50181;1329319627;2;marijuana;0.336301;0.001206;0.000052;0.000043;2;1;0.300000;0.200000;0.005631;exponential;0.900000;3600
16313;1327850254;2;marijuana;0.132366;0.302155;0.000000;0.000000;2;0;0.300000;0.200000;0.005631;exponential;0.900000;3600
26999;1330093879;2;marijuana;0.755941;0.312304;0.000092;0.006959;2;2;0.300000;0.200000;0.005631;exponential;0.900000;3600
11023;1328967627;2;marijuana;0.473785;0.307712;0.000000;0.000000;2;0;0.300000;0.200000;0.005631;exponential;0.900000;3600
78062;1328919707;2;marijuana;-1.000000;-1.000000;0.000002;0.000005;2;1;0.300000;0.200000;0.005631;exponential;0.900000;3600
22540;1330518324;2;marijuana;0.503624;0.006764;0.000000;0.000000;2;0;0.300000;0.200000;0.005631;exponential;0.900000;3600
46654;1330259650;2;marijuana;0.397507;0.306470;0.000057;0.000057;2;0;0.300000;0.200000;0.005631;exponential;0.900000;3600
59367;1336574001;3;marijuana;-1.000000;-1.000000;0.907840;0.781598;2;0;0.300000;0.200000;0.005631;exponential;0.900000;3600
51722;1336586914;3;marijuana;-1.000000;-1.000000;0.952306;0.949977;2;1;0.300000;0.200000;0.005631;exponential;0.900000;3600
85596;1336593648;3;marijuana;-1.000000;-1.000000;0.974164;0.978805;2;0;0.300000;0.200000;0.005631;exponential;0.900000;3600
66754;1336563346;3;marijuana;-1.000000;-1.000000;0.657614;0.626007;2;1;0.300000;0.200000;0.005631;exponential;0.900000;3600
76313;1336633520;3;marijuana;-1.000000;-1.000000;0.559712;0.523761;2;1;0.300000;0.200000;0.005631;exponential;0.900000;3600
72746;1336566095;3;marijuana;-1.000000;-1.000000;0.756213;0.223838;2;1;0.300000;0.200000;0.005631;exponential;0.900000;3600
45945;1336602107;3;marijuana;-1.000000;-1.000000;0.580930;0.781519;2;1;0.300000;0.200000;0.005631;exponential;0.900000;3600
62555;1336675529;3;marijuana;-1.000000;-1.000000;0.603471;0.286851;2;2;0.300000;0.200000;0.005631;exponential;0.900000;3600
75178;1336590189;3;marijuana;-1.000000;-1.000000;0.115139;0.189792;2;0;0.300000;0.200000;0.005631;exponential;0.900000;3600
25544;1336560315;3;marijuana;-1.000000;-1.000000;0.076721;0.187188;2;0;0.300000;0.200000;0.005631;exponential;0.900000;3600
26999;1336577665;3;marijuana;-1.000000;-1.000000;0.000000;0.039522;2;2;0.300000;0.200000;0.005631;exponential;0.900000;3600
52635;1336552266;3;marijuana;-1.000000;-1.000000;0.002962;0.002556;2;2;0.300000;0.200000;0.005631;exponential;0.900000;3600
19844;1336727911;3;marijuana;-1.000000;-1.000000;0.966553;0.941996;2;2;0.300000;0.200000;0.005631;exponential;0.900000;3600
46771;1336680916;3;marijuana;-1.000000;-1.000000;0.668940;0.777789;2;1;0.300000;0.200000;0.005631;exponential;0.900000;3600
40997;1336827286;3;marijuana;-1.000000;-1.000000;0.927147;0.923756;2;1;0.300000;0.200000;0.005631;exponential;0.900000;3600
78911;1336918876;3;marijuana;-1.000000;-1.000000;0.927860;0.917107;2;0;0.300000;0.200000;0.005631;exponential;0.900000;3600
51102;1336776553;3;marijuana;-1.000000;-1.000000;0.958131;0.865310;2;1;0.300000;0.200000;0.005631;exponential;0.900000;3600
39783;1336820035;3;marijuana;-1.000000;-1.000000;0.892932;0.876309;2;0;0.300000;0.200000;0.005631;exponential;0.900000;3600
24853;1337000193;3;marijuana;-1.000000;-1.000000;0.860692;0.842721;2;2;0.300000;0.200000;0.005631;exponential;0.900000;3600
52923;1336868651;3;marijuana;-1.000000;-1.000000;0.698516;0.574970;2;1;0.300000;0.200000;0.005631;exponential;0.900000;3600
31583;1337022549;3;marijuana;-1.000000;-1.000000;0.941470;0.931871;2;0;0.300000;0.200000;0.005631;exponential;0.900000;3600
22745;1337020706;3;marijuana;-1.000000;-1.000000;0.904410;0.904212;2;1;0.300000;0.200000;0.005631;exponential;0.900000;3600
39122;1336860453;3;marijuana;-1.000000;-1.000000;0.365261;0.285351;2;1;0.300000;0.200000;0.005631;exponential;0.900000;3600
79877;1336919585;3;marijuana;-1.000000;-1.000000;0.838385;0.917166;2;2;0.300000;0.200000;0.005631;exponential;0.900000;3600
63188;1336948552;3;marijuana;-1.000000;-1.000000;0.742215;0.831053;2;0;0.300000;0.200000;0.005631;exponential;0.900000;3600
86352;1336995604;3;marijuana;-1.000000;-1.000000;0.748250;0.751977;2;1;0.300000;0.200000;0.005631;exponential;0.900000;3600
16495;1337120593;3;marijuana;-1.000000;-1.000000;0.957911;0.901376;2;1;0.300000;0.200000;0.005631;exponential;0.900000;3600
13799;1337187185;3;marijuana;-1.000000;-1.000000;0.926969;0.926958;2;0;0.300000;0.200000;0.005631;exponential;0.900000;3600
23642;1337094884;3;marijuana;-1.000000;-1.000000;0.570360;0.556368;2;0;0.300000;0.200000;0.005631;exponential;0.900000;3600
68494;1337196295;3;marijuana;-1.000000;-1.000000;0.987586;0.993269;2;0;0.300000;0.200000;0.005631;exponential;0.900000;3600
46021;1337180165;3;marijuana;-1.000000;-1.000000;0.687305;0.330375;2;2;0.300000;0.200000;0.005631;exponential;0.900000;3600
14188;1337013795;3;marijuana;-1.000000;-1.000000;0.142981;0.288888;2;0;0.300000;0.200000;0.005631;exponential;0.900000;3600
75261;1337205924;3;marijuana;-1.000000;-1.000000;0.962102;0.939018;2;1;0.300000;0.200000;0.005631;exponential;0.900000;3600
18394;1337177251;3;marijuana;-1.000000;-1.000000;0.499642;0.600606;2;2;0.300000;0.200000;0.005631;exponential;0.900000;3600
45292;1337070674;3;marijuana;-1.000000;-1.000000;0.639039;0.476587;2;1;0.300000;0.200000;0.005631;exponential;0.900000;3600
64772;1336956271;3;marijuana;-1.000000;-1.000000;0.494622;0.764767;2;2;0.300000;0.200000;0.005631;exponential;0.900000;3600
51597;1337285904;3;marijuana;0.311116;0.000081;0.293183;0.322303;2;0;0.300000;0.200000;0.005631;exponential;0.900000;3600
74916;1336998365;3;marijuana;-1.000000;-1.000000;0.444472;0.463145;2;2;0.300000;0.200000;0.005631;exponential;0.900000;3600
88133;1337359543;3;marijuana;-1.000000;-1.000000;0.985706;0.990955;2;2;0.300000;0.200000;0.005631;exponential;0.900000;3600
45000;1337378920;3;marijuana;0.072844;0.301186;0.961030;0.892424;2;2;0.300000;0.200000;0.005631;exponential;0.900000;3600
11360;1337362943;3;marijuana;-1.000000;-1.000000;0.934766;0.840880;2;1;0.300000;0.200000;0.005631;exponential;0.900000;3600
55464;1337373947;3;marijuana;-1.000000;-1.000000;0.986383;0.952307;2;1;0.300000;0.200000;0.005631;exponential;0.900000;3600
71627;1337391948;3;marijuana;-1.000000;-1.000000;0.963552;0.840365;2;1;0.300000;0.200000;0.005631;exponential;0.900000;3600
82282;1337374908;3;marijuana;-1.000000;-1.000000;0.963657;0.966213;2;1;0.300000;0.200000;0.005631;exponential;0.900000;3600
25494;1337363487;3;marijuana;-1.000000;-1.000000;0.054435;0.062114;2;2;0.300000;0.200000;0.005631;exponential;0.900000;3600
52067;1337125133;3;marijuana;-1.000000;-1.000000;0.462138;0.438540;2;1;0.300000;0.200000;0.005631;exponential;0.900000;3600
57637;1337028146;3;marijuana;-1.000000;-1.000000;0.543186;0.519666;2;1;0.300000;0.200000;0.005631;exponential;0.900000;3600
23144;1336852782;3;marijuana;-1.000000;-1.000000;0.781301;0.795587;2;0;0.300000;0.200000;0.005631;exponential;0.900000;3600
46160;1337303181;3;marijuana;-1.000000;-1.000000;0.387504;0.441175;2;1;0.300000;0.200000;0.005631;exponential;0.900000;3600
89827;1337272402;3;marijuana;-1.000000;-1.000000;0.461372;0.408342;2;1;0.300000;0.200000;0.005631;exponential;0.900000;3600
82060;1337437697;3;marijuana;-1.000000;-1.000000;0.798090;0.800977;2;2;0.300000;0.200000;0.005631;exponential;0.900000;3600
10841;1337340508;3;marijuana;-1.000000;-1.000000;0.874180;0.901866;2;0;0.300000;0.200000;0.005631;exponential;0.900000;3600
75468;1337356177;3;marijuana;-1.000000;-1.000000;0.009105;0.050274;2;0;0.300000;0.200000;0.005631;exponential;0.900000;3600
38901;1337191217;3;marijuana;-1.000000;-1.000000;0.596899;0.573509;2;0;0.300000;0.200000;0.005631;exponential;0.900000;3600
52441;1337431960;3;marijuana;-1.000000;-1.000000;0.774107;0.777562;2;1;0.300000;0.200000;0.005631;exponential;0.900000;3600
45539;1337520124;3;marijuana;-1.000000;-1.000000;0.946030;0.943495;2;0;0.300000;0.200000;0.005631;exponential;0.900000;3600
63757;1337522544;3;marijuana;-1.000000;-1.000000;0.546536;0.549424;2;0;0.300000;0.200000;0.005631;exponential;0.900000;3600
37617;1337434213;3;marijuana;-1.000000;-1.000000;0.583412;0.702839;2;0;0.300000;0.200000;0.005631;exponential;0.900000;3600
86610;1337540758;3;marijuana;-1.000000;-1.000000;0.983496;0.910618;2;2;0.300000;0.200000;0.005631;exponential;0.900000;3600
62560;1337598231;3;marijuana;-1.000000;-1.000000;0.535776;0.536518;2;0;0.300000;0.200000;0.005631;exponential;0.900000;3600
26127;1337308468;3;marijuana;-1.000000;-1.000000;0.475845;0.534315;2;0;0.300000;0.200000;0.005631;exponential;0.900000;3600
68533;1337013227;3;marijuana;-1.000000;-1.000000;0.709197;0.268350;2;0;0.300000;0.200000;0.005631;exponential;0.900000;3600
10060;1337275340;3;marijuana;-1.000000;-1.000000;0.448869;0.448977;2;0;0.300000;0.200000;0.005631;exponential;0.900000;3600
33094;1337687215;3;marijuana;-1.000000;-1.000000;0.257530;0.266387;2;2;0.300000;0.200000;0.005631;exponential;0.900000;3600
78638;1337614558;3;marijuana;-1.000000;-1.000000;0.562500;0.258357;2;0;0.300000;0.200000;0.005631;exponential;0.900000;3600
66245;1337076316;3;marijuana;-1.000000;-1.000000;0.473909;0.449897;2;2;0.300000;0.200000;0.005631;exponential;0.900000;3600
22931;1337345373;3;marijuana;-1.000000;-1.000000;0.797389;0.761727;2;0;0.300000;0.200000;0.005631;exponential;0.900000;3600
30076;1337331515;3;marijuana;-1.000000;-1.000000;0.810385;0.816472;2;0;0.300000;0.200000;0.005631;exponential;0.900000;3600
25323;1337795852;3;marijuana;-1.000000;-1.000000;0.462993;0.538525;2;2;0.300000;0.200000;0.005631;exponential;0.900000;3600
44167;1337130130;3;marijuana;-1.000000;-1.000000;0.602303;0.632781;2;1;0.300000;0.200000;0.005631;exponential;0.900000;3600
67947;1337353940;3;marijuana;-1.000000;-1.000000;0.505852;0.486071;2;1;0.300000;0.200000;0.005631;exponential;0.900000;3600
31372;1337031163;3;marijuana;-1.000000;-1.000000;0.724656;0.527426;2;1;0.300000;0.200000;0.005631;exponential;0.900000;3600
50869;1336576898;3;marijuana;-1.000000;-1.000000;0.291008;0.286618;2;0;0.300000;0.200000;0.005631;exponential;0.900000;3600
71782;1337376347;3;marijuana;-1.000000;-1.000000;0.681637;0.537972;2;2;0.300000;0.200000;0.005631;exponential;0.900000;3600
51552;1337020749;3;marijuana;-1.000000;-1.000000;0.005998;0.000090;2;1;0.300000;0.200000;0.005631;exponential;0.900000;3600
17353;1337293320;3;marijuana;-1.000000;-1.000000;0.128617;0.150234;2;0;0.300000;0.200000;0.005631;exponential;0.900000;3600
71700;1337355687;3;marijuana;-1.000000;-1.000000;0.221599;0.236341;2;2;0.300000;0.200000;0.005631;exponential;0.900000;3600
32899;1336993913;3;marijuana;-1.000000;-1.000000;0.646511;0.466205;2;0;0.300000;0.200000;0.005631;exponential;0.900000;3600
22617;1336946052;3;marijuana;-1.000000;-1.000000;0.573545;0.617782;2;1;0.300000;0.200000;0.005631;exponential;0.900000;3600
13116;1337001723;3;marijuana;-1.000000;-1.000000;0.065457;0.054753;2;1;0.300000;0.200000;0.005631;exponential;0.900000;3600
86727;1337359422;3;marijuana;-1.000000;-1.000000;0.764517;0.634217;2;0;0.300000;0.200000;0.005631;exponential;0.900000;3600
77824;1337295197;3;marijuana;-1.000000;-1.000000;0.526486;0.324498;2;0;0.300000;0.200000;0.005631;exponential;0.900000;3600
49294;1337596942;3;marijuana;-1.000000;-1.000000;0.026760;0.012811;2;2;0.300000;0.200000;0.005631;exponential;0.900000;3600
83568;1338487782;3;marijuana;0.320502;0.967653;0.012563;0.024277;2;0;0.300000;0.200000;0.005631;exponential;0.900000;3600
25947;1338493830;3;marijuana;-1.000000;-1.000000;0.621862;0.480095;2;2;0.300000;0.200000;0.005631;exponential;0.900000;3600
29914;1338542112;3;marijuana;-1.000000;-1.000000;0.057035;0.083638;2;1;0.300000;0.200000;0.005631;exponential;0.900000;3600
46584;1337277965;3;marijuana;-1.000000;-1.000000;0.475121;0.477406;2;2;0.300000;0.200000;0.005631;exponential;0.900000;3600
53275;1337362889;3;marijuana;-1.000000;-1.000000;0.395614;0.399312;2;1;0.300000;0.200000;0.005631;exponential;0.900000;3600
86237;1338499967;3;marijuana;-1.000000;-1.000000;0.013008;0.031603;2;1;0.300000;0.200000;0.005631;exponential;0.900000;3600
63063;1337355485;3;marijuana;0.308976;0.359793;0.022191;0.025841;2;1;0.300000;0.200000;0.005631;exponential;0.900000;3600
38823;1337007188;3;marijuana;-1.000000;-1.000000;0.014059;0.011944;2;0;0.300000;0.200000;0.005631;exponential;0.900000;3600
41393;1328507756;2;marijuana;-1.000000;-1.000000;0.000000;0.000075;2;2;0.300000;0.200000;0.005631;exponential;0.900000;3600
41393;1337379123;3;marijuana;-1.000000;-1.000000;0.000000;0.000000;2;2;0.300000;0.200000;0.005631;exponential;0.900000;3600
30952;1337114540;3;marijuana;-1.000000;-1.000000;0.777651;0.598497;2;0;0.300000;0.200000;0.005631;exponential;0.900000;3600
66991;1337125945;3;marijuana;-1.000000;-1.000000;0.021714;0.019948;2;0;0.300000;0.200000;0.005631;exponential;0.900000;3600
44956;1336683732;3;marijuana;0.251353;0.304091;0.692673;0.693357;2;0;0.300000;0.200000;0.005631;exponential;0.900000;3600
84472;1337268695;3;marijuana;-1.000000;-1.000000;0.332067;0.375011;2;1;0.300000;0.200000;0.005631;exponential;0.900000;3600
26425;1336551055;3;marijuana;0.300170;0.624392;0.104288;0.263257;2;0;0.300000;0.200000;0.005631;exponential;0.900000;3600
48990;1337353560;3;marijuana;0.024430;0.300000;0.255684;0.207135;2;0;0.300000;0.200000;0.005631;exponential;0.900000;3600
11692;1337271301;3;marijuana;-1.000000;-1.000000;0.173362;0.252558;2;0;0.300000;0.200000;0.005631;exponential;0.900000;3600
71187;1337361782;3;marijuana;0.940594;0.310897;0.138711;0.251136;2;1;0.300000;0.200000;0.005631;exponential;0.900000;3600
88175;1337368507;3;marijuana;-1.000000;-1.000000;0.316751;0.308012;2;0;0.300000;0.200000;0.005631;exponential;0.900000;3600
32100;1336929186;3;marijuana;-1.000000;-1.000000;0.337352;0.273952;2;2;0.300000;0.200000;0.005631;exponential;0.900000;3600
20905;1337360416;3;marijuana;0.861298;0.314019;0.637467;0.617787;2;1;0.300000;0.200000;0.005631;exponential;0.900000;3600
58909;1336765258;3;marijuana;-1.000000;-1.000000;0.273542;0.285296;2;2;0.300000;0.200000;0.005631;exponential;0.900000;3600
66404;1336771984;3;marijuana;-1.000000;-1.000000;0.063880;0.000000;2;1;0.300000;0.200000;0.005631;exponential;0.900000;3600
80058;1337367550;3;marijuana;-1.000000;-1.000000;0.000026;0.025608;2;1;0.300000;0.200000;0.005631;exponential;0.900000;3600
60830;1337029959;3;marijuana;0.315962;0.990454;0.458731;0.458344;2;1;0.300000;0.200000;0.005631;exponential;0.900000;3600
57896;1336940424;3;marijuana;-1.000000;-1.000000;0.573020;0.600167;2;2;0.300000;0.200000;0.005631;exponential;0.900000;3600
49597;1339069336;3;marijuana;-1.000000;-1.000000;0.008356;0.010350;2;0;0.300000;0.200000;0.005631;exponential;0.900000;3600
77023;1339365193;3;marijuana;-1.000000;-1.000000;0.000463;0.000338;2;0;0.300000;0.200000;0.005631;exponential;0.900000;3600
51675;1337376230;3;marijuana;-1.000000;-1.000000;0.001353;0.002967;2;2;0.300000;0.200000;0.005631;exponential;0.900000;3600
51722;1345456444;4;marijuana;-1.000000;-1.000000;0.916567;0.910167;2;2;0.300000;0.200000;0.005631;exponential;0.900000;3600
23642;1345458769;4;marijuana;-1.000000;-1.000000;0.847953;0.748948;2;0;0.300000;0.200000;0.005631;exponential;0.900000;3600
78911;1345459833;4;marijuana;-1.000000;-1.000000;0.892597;0.917500;2;2;0.300000;0.200000;0.005631;exponential;0.900000;3600
85596;1345463402;4;marijuana;-1.000000;-1.000000;0.954751;0.951112;2;0;0.300000;0.200000;0.005631;exponential;0.900000;3600
59367;1345465352;4;marijuana;-1.000000;-1.000000;0.414165;0.757349;2;0;0.300000;0.200000;0.005631;exponential;0.900000;3600
10841;1345464743;4;marijuana;-1.000000;-1.000000;0.959576;0.943922;2;2;0.300000;0.200000;0.005631;exponential;0.900000;3600
22745;1345460151;4;marijuana;-1.000000;-1.000000;0.857644;0.805904;2;1;0.300000;0.200000;0.005631;exponential;0.900000;3600
40997;1345464589;4;marijuana;0.303456;0.898916;0.938623;0.940568;2;2;0.300000;0.200000;0.005631;exponential;0.900000;3600
86352;1345489768;4;marijuana;-1.000000;-1.000000;0.932543;0.944772;2;2;0.300000;0.200000;0.005631;exponential;0.900000;3600
10060;1345458887;4;marijuana;-1.000000;-1.000000;0.867469;0.881186;2;1;0.300000;0.200000;0.005631;exponential;0.900000;3600
61280;1337629521;3;marijuana;-1.000000;-1.000000;0.078386;0.055822;2;1;0.300000;0.200000;0.005631;exponential;0.900000;3600
49597;1345453491;4;marijuana;-1.000000;-1.000000;0.766225;0.271400;2;0;0.300000;0.200000;0.005631;exponential;0.900000;3600
13896;1330269386;2;marijuana;0.539344;0.007951;0.030670;0.068086;2;0;0.300000;0.200000;0.005631;exponential;0.900000;3600
13896;1337347911;3;marijuana;-1.000000;-1.000000;0.000000;0.000001;2;0;0.300000;0.200000;0.005631;exponential;0.900000;3600
31583;1345462729;4;marijuana;-1.000000;-1.000000;0.599472;0.592830;2;1;0.300000;0.200000;0.005631;exponential;0.900000;3600
73303;1337103993;3;marijuana;-1.000000;-1.000000;0.280996;0.070325;2;1;0.300000;0.200000;0.005631;exponential;0.900000;3600
63188;1345470749;4;marijuana;-1.000000;-1.000000;0.316065;0.001208;2;0;0.300000;0.200000;0.005631;exponential;0.900000;3600
10281;1337005035;3;marijuana;-1.000000;-1.000000;0.000046;0.030387;2;0;0.300000;0.200000;0.005631;exponential;0.900000;3600
60830;1345503984;4;marijuana;-1.000000;-1.000000;0.835907;0.787704;2;2;0.300000;0.200000;0.005631;exponential;0.900000;3600
29914;1345539438;4;marijuana;0.306498;0.985338;0.755554;0.770489;2;1;0.300000;0.200000;0.005631;exponential;0.900000;3600
38901;1345494517;4;marijuana;-1.000000;-1.000000;0.703163;0.808382;2;0;0.300000;0.200000;0.005631;exponential;0.900000;3600
16495;1345488151;4;marijuana;-1.000000;-1.000000;0.033319;0.069502;2;1;0.300000;0.200000;0.005631;exponential;0.900000;3600
39122;1345453874;4;marijuana;-1.000000;-1.000000;0.283866;0.283860;2;1;0.300000;0.200000;0.005631;exponential;0.900000;3600
84472;1345498934;4;marijuana;-1.000000;-1.000000;0.298485;0.032163;2;1;0.300000;0.200000;0.005631;exponential;0.900000;3600
46021;1345492729;4;marijuana;0.300080;0.942138;0.779594;0.864417;2;1;0.300000;0.200000;0.005631;exponential;0.900000;3600
71700;1345452477;4;marijuana;-1.000000;-1.000000;0.000001;0.000005;2;2;0.300000;0.200000;0.005631;exponential;0.900000;3600
57637;1345559776;4;marijuana;0.300006;0.954509;0.794335;0.888926;2;1;0.300000;0.200000;0.005631;exponential;0.900000;3600
77824;1345449519;4;marijuana;-1.000000;-1.000000;0.563654;0.695811;2;0;0.300000;0.200000;0.005631;exponential;0.900000;3600
50947;1337326436;3;marijuana;0.436419;0.004532;0.142633;0.108148;2;1;0.300000;0.200000;0.005631;exponential;0.900000;3600
50947;1345578331;4;marijuana;-1.000000;-1.000000;0.000000;0.000000;2;2;0.300000;0.200000;0.005631;exponential;0.900000;3600
19066;1337097385;3;marijuana;-1.000000;-1.000000;0.365629;0.354175;2;0;0.300000;0.200000;0.005631;exponential;0.900000;3600
51102;1345634328;4;marijuana;-1.000000;-1.000000;0.836841;0.849917;2;0;0.300000;0.200000;0.005631;exponential;0.900000;3600
15071;1336913076;3;marijuana;-1.000000;-1.000000;0.235065;0.445839;2;1;0.300000;0.200000;0.005631;exponential;0.900000;3600
79877;1345555835;4;marijuana;0.334413;0.965076;0.333338;0.972433;2;2;0.300000;0.200000;0.005631;exponential;0.900000;3600
32899;1345653944;4;marijuana;-1.000000;-1.000000;0.483510;0.608343;2;0;0.300000;0.200000;0.005631;exponential;0.900000;3600
75178;1345466583;4;marijuana;-1.000000;-1.000000;0.000001;0.000001;2;1;0.300000;0.200000;0.005631;exponential;0.900000;3600
86727;1345628140;4;marijuana;-1.000000;-1.000000;0.900682;0.875714;2;0;0.300000;0.200000;0.005631;exponential;0.900000;3600
71518;1337275195;3;marijuana;-1.000000;-1.000000;0.138312;0.241828;2;0;0.300000;0.200000;0.005631;exponential;0.900000;3600
71518;1345474117;4;marijuana;-1.000000;-1.000000;0.000000;0.000001;2;0;0.300000;0.200000;0.005631;exponential;0.900000;3600
32174;1337300029;3;marijuana;-1.000000;-1.000000;0.021098;0.021739;2;1;0.300000;0.200000;0.005631;exponential;0.900000;3600
36143;1337026477;3;marijuana;-1.000000;-1.000000;0.111049;0.107294;2;0;0.300000;0.200000;0.005631;exponential;0.900000;3600
57896;1345450292;4;marijuana;-1.000000;-1.000000;0.266845;0.266842;2;2;0.300000;0.200000;0.005631;exponential;0.900000;3600
34250;1337175775;3;marijuana;-1.000000;-1.000000;0.267529;0.231520;2;2;0.300000;0.200000;0.005631;exponential;0.900000;3600
52635;1345453216;4;marijuana;-1.000000;-1.000000;0.593149;0.271883;2;2;0.300000;0.200000;0.005631;exponential;0.900000;3600
50181;1337381696;3;marijuana;-1.000000;-1.000000;0.024792;0.228247;2;1;0.300000;0.200000;0.005631;exponential;0.900000;3600
50181;1345468511;4;marijuana;-1.000000;-1.000000;0.000000;0.000001;2;1;0.300000;0.200000;0.005631;exponential;0.900000;3600
25544;1345627288;4;marijuana;-1.000000;-1.000000;0.232827;0.398571;2;0;0.300000;0.200000;0.005631;exponential;0.900000;3600
22617;1345549177;4;marijuana;-1.000000;-1.000000;0.148933;0.383478;2;2;0.300000;0.200000;0.005631;exponential;0.900000;3600
35227;1345811516;4;marijuana;-1.000000;-1.000000;0.932101;0.945599;2;0;0.300000;0.200000;0.005631;exponential;0.900000;3600
19844;1345802836;4;marijuana;-1.000000;-1.000000;0.820623;0.804058;2;2;0.300000;0.200000;0.005631;exponential;0.900000;3600
72746;1345795390;4;marijuana;-1.000000;-1.000000;0.388715;0.674924;2;1;0.300000;0.200000;0.005631;exponential;0.900000;3600
44956;1345545386;4;marijuana;-1.000000;-1.000000;0.017288;0.000001;2;0;0.300000;0.200000;0.005631;exponential;0.900000;3600
52067;1345815912;4;marijuana;-1.000000;-1.000000;0.857113;0.877768;2;1;0.300000;0.200000;0.005631;exponential;0.900000;3600
24853;1345803852;4;marijuana;-1.000000;-1.000000;0.579880;0.498380;2;1;0.300000;0.200000;0.005631;exponential;0.900000;3600
13799;1345887134;4;marijuana;-1.000000;-1.000000;0.959201;0.956094;2;0;0.300000;0.200000;0.005631;exponential;0.900000;3600
76313;1345475894;4;marijuana;-1.000000;-1.000000;0.000001;0.000001;2;1;0.300000;0.200000;0.005631;exponential;0.900000;3600
86610;1345922512;4;marijuana;-1.000000;-1.000000;0.951764;0.967931;2;2;0.300000;0.200000;0.005631;exponential;0.900000;3600
38823;1345575522;4;marijuana;-1.000000;-1.000000;0.180211;0.395510;2;0;0.300000;0.200000;0.005631;exponential;0.900000;3600
14188;1345461077;4;marijuana;-1.000000;-1.000000;0.000015;0.000006;2;0;0.300000;0.200000;0.005631;exponential;0.900000;3600
51552;1345897399;4;marijuana;0.897455;0.300005;0.000039;0.000054;2;0;0.300000;0.200000;0.005631;exponential;0.900000;3600
30076;1345966928;4;marijuana;-1.000000;-1.000000;0.733475;0.717495;2;2;0.300000;0.200000;0.005631;exponential;0.900000;3600
45539;1345983239;4;marijuana;-1.000000;-1.000000;0.934333;0.946815;2;0;0.300000;0.200000;0.005631;exponential;0.900000;3600
51470;1345991841;4;marijuana;-1.000000;-1.000000;0.832193;0.898059;2;1;0.300000;0.200000;0.005631;exponential;0.900000;3600
88133;1345993118;4;marijuana;-1.000000;-1.000000;0.880939;0.889410;2;2;0.300000;0.200000;0.005631;exponential;0.900000;3600
45945;1345985525;4;marijuana;-1.000000;-1.000000;0.880706;0.815362;2;1;0.300000;0.200000;0.005631;exponential;0.900000;3600
32100;1345477269;4;marijuana;-1.000000;-1.000000;0.330440;0.467416;2;2;0.300000;0.200000;0.005631;exponential;0.900000;3600
36951;1336949969;3;marijuana;-1.000000;-1.000000;0.292207;0.282672;2;1;0.300000;0.200000;0.005631;exponential;0.900000;3600
36951;1345565274;4;marijuana;-1.000000;-1.000000;0.000000;0.000000;2;1;0.300000;0.200000;0.005631;exponential;0.900000;3600
25171;1337383751;3;marijuana;-1.000000;-1.000000;0.182111;0.180726;2;0;0.300000;0.200000;0.005631;exponential;0.900000;3600
25171;1345811063;4;marijuana;-1.000000;-1.000000;0.000000;0.000000;2;0;0.300000;0.200000;0.005631;exponential;0.900000;3600
19066;1345731415;4;marijuana;-1.000000;-1.000000;0.823105;0.732816;2;0;0.300000;0.200000;0.005631;exponential;0.900000;3600
15071;1345884371;4;marijuana;-1.000000;-1.000000;0.766774;0.738764;2;1;0.300000;0.200000;0.005631;exponential;0.900000;3600
75468;1345627536;4;marijuana;-1.000000;-1.000000;0.820355;0.786560;2;0;0.300000;0.200000;0.005631;exponential;0.900000;3600
36143;1345902697;4;marijuana;-1.000000;-1.000000;0.279373;0.444865;2;2;0.300000;0.200000;0.005631;exponential;0.900000;3600
18420;1337515261;3;marijuana;-1.000000;-1.000000;0.027407;0.000001;2;0;0.300000;0.200000;0.005631;exponential;0.900000;3600
18420;1345452698;4;marijuana;-1.000000;-1.000000;0.000000;0.000000;2;0;0.300000;0.200000;0.005631;exponential;0.900000;3600
13116;1345635299;4;marijuana;-1.000000;-1.000000;0.000022;0.214211;2;1;0.300000;0.200000;0.005631;exponential;0.900000;3600
66404;1346078573;4;marijuana;-1.000000;-1.000000;0.328671;0.000000;2;2;0.300000;0.200000;0.005631;exponential;0.900000;3600
41393;1345820149;4;marijuana;-1.000000;-1.000000;0.000000;0.311380;2;2;0.300000;0.200000;0.005631;exponential;0.900000;3600
68533;1345809505;4;marijuana;-1.000000;-1.000000;0.009644;0.003170;2;0;0.300000;0.200000;0.005631;exponential;0.900000;3600
86009;1345450846;4;marijuana;-1.000000;-1.000000;0.006145;0.434884;2;0;0.300000;0.200000;0.005631;exponential;0.900000;3600
68633;1337378464;3;marijuana;-1.000000;-1.000000;0.361545;0.338005;2;0;0.300000;0.200000;0.005631;exponential;0.900000;3600
84625;1337339609;3;marijuana;-1.000000;-1.000000;0.370883;0.362276;2;1;0.300000;0.200000;0.005631;exponential;0.900000;3600
36006;1336562283;3;marijuana;-1.000000;-1.000000;0.018850;0.018852;2;2;0.300000;0.200000;0.005631;exponential;0.900000;3600
36006;1345463414;4;marijuana;-1.000000;-1.000000;0.000000;0.000000;2;2;0.300000;0.200000;0.005631;exponential;0.900000;3600
62555;1345887676;4;marijuana;-1.000000;-1.000000;0.812746;0.556628;2;2;0.300000;0.200000;0.005631;exponential;0.900000;3600
78966;1336928721;3;marijuana;0.000000;0.300000;0.263231;0.259666;2;2;0.300000;0.200000;0.005631;exponential;0.900000;3600
78966;1345453998;4;marijuana;-1.000000;-1.000000;0.000000;0.000000;2;0;0.300000;0.200000;0.005631;exponential;0.900000;3600
66754;1346239370;4;marijuana;-1.000000;-1.000000;0.579057;0.728777;2;1;0.300000;0.200000;0.005631;exponential;0.900000;3600
58909;1345645212;4;marijuana;-1.000000;-1.000000;0.771555;0.460725;2;2;0.300000;0.200000;0.005631;exponential;0.900000;3600
17353;1345800957;4;marijuana;-1.000000;-1.000000;0.378543;0.465010;2;0;0.300000;0.200000;0.005631;exponential;0.900000;3600
88175;1346340066;4;marijuana;-1.000000;-1.000000;0.502913;0.651530;2;0;0.300000;0.200000;0.005631;exponential;0.900000;3600
51597;1345920615;4;marijuana;-1.000000;-1.000000;0.955755;0.634357;2;0;0.300000;0.200000;0.005631;exponential;0.900000;3600
46160;1346248641;4;marijuana;-1.000000;-1.000000;0.469913;0.730140;2;1;0.300000;0.200000;0.005631;exponential;0.900000;3600
26999;1345540463;4;marijuana;-1.000000;-1.000000;0.000001;0.000001;2;1;0.300000;0.200000;0.005631;exponential;0.900000;3600
66245;1346160512;4;marijuana;-1.000000;-1.000000;0.417538;0.256191;2;1;0.300000;0.200000;0.005631;exponential;0.900000;3600
62560;1346492816;4;marijuana;-1.000000;-1.000000;0.777371;0.764303;2;0;0.300000;0.200000;0.005631;exponential;0.900000;3600
63757;1346584964;4;marijuana;-1.000000;-1.000000;0.586073;0.459719;2;0;0.300000;0.200000;0.005631;exponential;0.900000;3600
25947;1346591133;4;marijuana;-1.000000;-1.000000;0.673152;0.538428;2;0;0.300000;0.200000;0.005631;exponential;0.900000;3600
37617;1346582425;4;marijuana;-1.000000;-1.000000;0.714806;0.706308;2;2;0.300000;0.200000;0.005631;exponential;0.900000;3600
89827;1346607678;4;marijuana;-1.000000;-1.000000;0.882019;0.836774;2;1;0.300000;0.200000;0.005631;exponential;0.900000;3600
71627;1346694116;4;marijuana;-1.000000;-1.000000;0.874004;0.790129;2;0;0.300000;0.200000;0.005631;exponential;0.900000;3600
68494;1346762242;4;marijuana;-1.000000;-1.000000;0.968787;0.958457;2;0;0.300000;0.200000;0.005631;exponential;0.900000;3600
49294;1345647134;4;marijuana;0.002859;0.914228;0.000000;0.000030;1;2;0.300000;0.200000;0.005631;exponential;0.900000;3600
84625;1346570544;4;marijuana;-1.000000;-1.000000;0.518834;0.000000;2;1;0.300000;0.200000;0.005631;exponential;0.900000;3600
75261;1346802215;4;marijuana;0.936944;0.324322;0.923901;0.959851;2;1;0.300000;0.200000;0.005631;exponential;0.900000;3600
71187;1346800327;4;marijuana;-1.000000;-1.000000;0.000000;0.132431;2;1;0.300000;0.200000;0.005631;exponential;0.900000;3600
53275;1346792996;4;marijuana;-1.000000;-1.000000;0.823280;0.793076;2;1;0.300000;0.200000;0.005631;exponential;0.900000;3600
45292;1346711585;4;marijuana;-1.000000;-1.000000;0.327342;0.136426;2;1;0.300000;0.200000;0.005631;exponential;0.900000;3600
18394;1346607754;4;marijuana;-1.000000;-1.000000;0.370775;0.377856;2;2;0.300000;0.200000;0.005631;exponential;0.900000;3600
31372;1346777921;4;marijuana;-1.000000;-1.000000;0.677465;0.709673;2;1;0.300000;0.200000;0.005631;exponential;0.900000;3600
26127;1347028314;4;marijuana;-1.000000;-1.000000;0.435456;0.441814;2;1;0.300000;0.200000;0.005631;exponential;0.900000;3600
82060;1347041975;4;marijuana;-1.000000;-1.000000;0.903088;0.963902;2;0;0.300000;0.200000;0.005631;exponential;0.900000;3600
39783;1346254030;4;marijuana;-1.000000;-1.000000;0.183794;0.274772;2;0;0.300000;0.200000;0.005631;exponential;0.900000;3600
22931;1346503977;4;marijuana;-1.000000;-1.000000;0.390693;0.502207;2;0;0.300000;0.200000;0.005631;exponential;0.900000;3600
23144;1347019508;4;marijuana;-1.000000;-1.000000;0.473790;0.656445;2;0;0.300000;0.200000;0.005631;exponential;0.900000;3600
24760;1347027369;4;marijuana;0.425202;0.300000;0.751687;0.721899;2;1;0.300000;0.200000;0.005631;exponential;0.900000;3600
34250;1346662917;4;marijuana;-1.000000;-1.000000;0.191736;0.191735;2;2;0.300000;0.200000;0.005631;exponential;0.900000;3600
52441;1347036596;4;marijuana;-1.000000;-1.000000;0.690196;0.834192;2;1;0.300000;0.200000;0.005631;exponential;0.900000;3600
52385;1337345375;3;marijuana;0.003088;0.392954;0.096056;0.162127;2;1;0.300000;0.200000;0.005631;exponential;0.900000;3600
68633;1347124460;4;marijuana;-1.000000;-1.000000;0.000000;0.596782;2;0;0.300000;0.200000;0.005631;exponential;0.900000;3600
28831;1330717019;2;marijuana;0.633745;0.011086;0.000000;0.000000;2;0;0.300000;0.200000;0.005631;exponential;0.900000;3600
28831;1337274261;3;marijuana;-1.000000;-1.000000;0.000000;0.000000;2;0;0.300000;0.200000;0.005631;exponential;0.900000;3600
28831;1346786469;4;marijuana;-1.000000;-1.000000;0.000000;0.000000;2;0;0.300000;0.200000;0.005631;exponential;0.900000;3600
51675;1346499584;4;marijuana;-1.000000;-1.000000;0.175597;0.159357;2;2;0.300000;0.200000;0.005631;exponential;0.900000;3600
73303;1346008292;4;marijuana;-1.000000;-1.000000;0.627003;0.383147;2;1;0.300000;0.200000;0.005631;exponential;0.900000;3600
45000;1347039609;4;marijuana;-1.000000;-1.000000;0.907811;0.945905;2;2;0.300000;0.200000;0.005631;exponential;0.900000;3600
61280;1347281000;4;marijuana;-1.000000;-1.000000;0.799983;0.764550;2;1;0.300000;0.200000;0.005631;exponential;0.900000;3600
11692;1347284145;4;marijuana;-1.000000;-1.000000;0.825982;0.910346;2;0;0.300000;0.200000;0.005631;exponential;0.900000;3600
48429;1347320282;4;marijuana;-1.000000;-1.000000;0.702846;0.732449;2;1;0.300000;0.200000;0.005631;exponential;0.900000;3600
86237;1347309521;4;marijuana;-1.000000;-1.000000;0.559368;0.438217;2;1;0.300000;0.200000;0.005631;exponential;0.900000;3600
11360;1347554615;4;marijuana;0.942299;0.303479;0.936205;0.953400;2;1;0.300000;0.200000;0.005631;exponential;0.900000;3600
77023;1347554519;4;marijuana;-1.000000;-1.000000;0.031786;0.643314;2;1;0.300000;0.200000;0.005631;exponential;0.900000;3600
78638;1347566534;4;marijuana;-1.000000;-1.000000;0.643766;0.709581;2;0;0.300000;0.200000;0.005631;exponential;0.900000;3600
46654;1337071312;3;marijuana;-1.000000;-1.000000;0.194965;0.139096;2;0;0.300000;0.200000;0.005631;exponential;0.900000;3600
46654;1345763224;4;marijuana;-1.000000;-1.000000;0.000000;0.000000;2;0;0.300000;0.200000;0.005631;exponential;0.900000;3600
48990;1347542851;4;marijuana;0.941758;0.300002;0.585557;0.592997;2;0;0.300000;0.200000;0.005631;exponential;0.900000;3600
39701;1346502596;4;marijuana;-1.000000;-1.000000;0.333024;0.259433;2;0;0.300000;0.200000;0.005631;exponential;0.900000;3600
77291;1336644759;3;marijuana;-1.000000;-1.000000;0.716465;0.760868;2;1;0.300000;0.200000;0.005631;exponential;0.900000;3600
77291;1345826472;4;marijuana;-1.000000;-1.000000;0.000000;0.000000;2;1;0.300000;0.200000;0.005631;exponential;0.900000;3600
20905;1347547670;4;marijuana;-1.000000;-1.000000;0.860787;0.738862;2;2;0.300000;0.200000;0.005631;exponential;0.900000;3600
71782;1347616047;4;marijuana;-1.000000;-1.000000;0.853469;0.795777;2;2;0.300000;0.200000;0.005631;exponential;0.900000;3600
80058;1345813156;4;marijuana;-1.000000;-1.000000;0.000000;0.465714;2;1;0.300000;0.200000;0.005631;exponential;0.900000;3600
25323;1347550221;4;marijuana;-1.000000;-1.000000;0.222646;0.005181;2;1;0.300000;0.200000;0.005631;exponential;0.900000;3600
30952;1346531034;4;marijuana;-1.000000;-1.000000;0.258096;0.733055;2;0;0.300000;0.200000;0.005631;exponential;0.900000;3600
82282;1347636479;4;marijuana;-1.000000;-1.000000;0.891089;0.908171;2;1;0.300000;0.200000;0.005631;exponential;0.900000;3600
67947;1347584676;4;marijuana;0.972455;0.300227;0.427708;0.590163;2;0;0.300000;0.200000;0.005631;exponential;0.900000;3600
46771;1347183152;4;marijuana;-1.000000;-1.000000;0.590699;0.538047;2;1;0.300000;0.200000;0.005631;exponential;0.900000;3600
46584;1347827355;4;marijuana;-1.000000;-1.000000;0.761519;0.820575;2;1;0.300000;0.200000;0.005631;exponential;0.900000;3600
50869;1345830185;4;marijuana;-1.000000;-1.000000;0.000004;0.377744;2;0;0.300000;0.200000;0.005631;exponential;0.900000;3600
26425;1347052868;4;marijuana;-1.000000;-1.000000;0.082489;0.082500;2;2;0.300000;0.200000;0.005631;exponential;0.900000;3600
44167;1347637062;4;marijuana;-1.000000;-1.000000;0.030716;0.030715;2;1;0.300000;0.200000;0.005631;exponential;0.900000;3600
66991;1346504214;4;marijuana;-1.000000;-1.000000;0.000000;0.267044;2;0;0.300000;0.200000;0.005631;exponential;0.900000;3600
74916;1348148017;4;marijuana;-1.000000;-1.000000;0.081647;0.421656;2;2;0.300000;0.200000;0.005631;exponential;0.900000;3600
55464;1347637737;4;marijuana;-1.000000;-1.000000;0.115654;0.264631;2;1;0.300000;0.200000;0.005631;exponential;0.900000;3600
14106;1327756925;2;marijuana;0.441845;0.307192;0.000000;0.000041;2;0;0.300000;0.200000;0.005631;exponential;0.900000;3600
14106;1336610947;3;marijuana;-1.000000;-1.000000;0.000000;0.000000;2;0;0.300000;0.200000;0.005631;exponential;0.900000;3600
14106;1345450860;4;marijuana;-1.000000;-1.000000;0.000000;0.000000;2;0;0.300000;0.200000;0.005631;exponential;0.900000;3600
40629;1337341897;3;marijuana;0.300009;0.000566;0.000000;0.000000;2;1;0.300000;0.200000;0.005631;exponential;0.900000;3600
40629;1346506077;4;marijuana;-1.000000;-1.000000;0.000000;0.000000;2;1;0.300000;0.200000;0.005631;exponential;0.900000;3600
18344;1337178126;3;marijuana;-1.000000;-1.000000;0.132876;0.271216;2;2;0.300000;0.200000;0.005631;exponential;0.900000;3600
18344;1347112732;4;marijuana;-1.000000;-1.000000;0.000000;0.000000;2;2;0.300000;0.200000;0.005631;exponential;0.900000;3600
44520;1336665853;3;marijuana;-1.000000;-1.000000;0.276616;0.288543;2;1;0.300000;0.200000;0.005631;exponential;0.900000;3600
44520;1345579020;4;marijuana;-1.000000;-1.000000;0.000000;0.000000;2;1;0.300000;0.200000;0.005631;exponential;0.900000;3600
21350;1338338254;3;marijuana;-1.000000;-1.000000;0.032932;0.033574;2;1;0.300000;0.200000;0.005631;exponential;0.900000;3600
21350;1345468913;4;marijuana;-1.000000;-1.000000;0.000000;0.000000;2;1;0.300000;0.200000;0.005631;exponential;0.900000;3600
66052;1336666882;3;marijuana;-1.000000;-1.000000;0.047986;0.082364;2;1;0.300000;0.200000;0.005631;exponential;0.900000;3600
66052;1345495151;4;marijuana;-1.000000;-1.000000;0.000000;0.000000;2;1;0.300000;0.200000;0.005631;exponential;0.900000;3600
25494;1347234891;4;marijuana;-1.000000;-1.000000;0.280989;0.205245;2;0;0.300000;0.200000;0.005631;exponential;0.900000;3600
84215;1337437471;3;marijuana;-1.000000;-1.000000;0.000000;0.000122;2;0;0.300000;0.200000;0.005631;exponential;0.900000;3600
84215;1347203794;4;marijuana;-1.000000;-1.000000;0.000000;0.000000;2;0;0.300000;0.200000;0.005631;exponential;0.900000;3600
38893;1337357343;3;marijuana;-1.000000;-1.000000;0.179671;0.222336;2;0;0.300000;0.200000;0.005631;exponential;0.900000;3600
38893;1345461930;4;marijuana;-1.000000;-1.000000;0.000001;0.000001;2;0;0.300000;0.200000;0.005631;exponential;0.900000;3600
85970;1337294859;3;marijuana;0.300003;0.003701;0.073247;0.082502;2;0;0.300000;0.200000;0.005631;exponential;0.900000;3600
85970;1345465113;4;marijuana;-1.000000;-1.000000;0.000000;0.000000;2;0;0.300000;0.200000;0.005631;exponential;0.900000;3600
32174;1347287561;4;marijuana;-1.000000;-1.000000;0.103344;0.123097;2;1;0.300000;0.200000;0.005631;exponential;0.900000;3600
34853;1336701737;3;marijuana;-1.000000;-1.000000;0.000020;0.011800;2;1;0.300000;0.200000;0.005631;exponential;0.900000;3600
34853;1345769301;4;marijuana;-1.000000;-1.000000;0.000000;0.000000;2;1;0.300000;0.200000;0.005631;exponential;0.900000;3600
10281;1347186686;4;marijuana;-1.000000;-1.000000;0.023360;0.000000;2;0;0.300000;0.200000;0.005631;exponential;0.900000;3600
16313;1337206362;3;marijuana;-1.000000;-1.000000;0.013558;0.000000;2;0;0.300000;0.200000;0.005631;exponential;0.900000;3600
16313;1346143802;4;marijuana;-1.000000;-1.000000;0.000000;0.000000;2;0;0.300000;0.200000;0.005631;exponential;0.900000;3600
17041;1330344980;2;marijuana;0.296923;0.304833;0.480781;0.494221;2;0;0.300000;0.200000;0.005631;exponential;0.900000;3600
69065;1338502327;3;marijuana;0.010981;0.630588;0.135059;0.366745;2;1;0.300000;0.200000;0.005631;exponential;0.900000;3600
69065;1345488467;4;marijuana;-1.000000;-1.000000;0.000002;0.000007;2;1;0.300000;0.200000;0.005631;exponential;0.900000;3600
48187;1347102914;4;marijuana;0.300356;0.929173;0.265749;0.306953;2;1;0.300000;0.200000;0.005631;exponential;0.900000;3600
23642;1358537803;5;marijuana;-1.000000;-1.000000;0.903233;0.941513;2;0;0.300000;0.200000;0.005631;exponential;0.900000;3600
85596;1358539577;5;marijuana;-1.000000;-1.000000;0.991966;0.986571;2;0;0.300000;0.200000;0.005631;exponential;0.900000;3600
25544;1358602657;5;marijuana;-1.000000;-1.000000;0.867112;0.678575;2;0;0.300000;0.200000;0.005631;exponential;0.900000;3600
40997;1358540392;5;marijuana;-1.000000;-1.000000;0.708419;0.753959;2;2;0.300000;0.200000;0.005631;exponential;0.900000;3600
63188;1358583485;5;marijuana;-1.000000;-1.000000;0.849260;0.836562;2;0;0.300000;0.200000;0.005631;exponential;0.900000;3600
30952;1358556364;5;marijuana;-1.000000;-1.000000;0.321772;0.010722;2;1;0.300000;0.200000;0.005631;exponential;0.900000;3600
57637;1358597992;5;marijuana;-1.000000;-1.000000;0.910565;0.920175;2;1;0.300000;0.200000;0.005631;exponential;0.900000;3600
51722;1358605983;5;marijuana;-1.000000;-1.000000;0.859438;0.789511;2;2;0.300000;0.200000;0.005631;exponential;0.900000;3600
68633;1358629613;5;marijuana;-1.000000;-1.000000;0.293981;0.005249;2;0;0.300000;0.200000;0.005631;exponential;0.900000;3600
32899;1358689073;5;marijuana;-1.000000;-1.000000;0.775295;0.899645;2;0;0.300000;0.200000;0.005631;exponential;0.900000;3600
78966;1358589966;5;marijuana;-1.000000;-1.000000;0.242180;0.004612;2;0;0.300000;0.200000;0.005631;exponential;0.900000;3600
50869;1358546921;5;marijuana;-1.000000;-1.000000;0.058369;0.058447;2;0;0.300000;0.200000;0.005631;exponential;0.900000;3600
10841;1358678365;5;marijuana;-1.000000;-1.000000;0.909680;0.933825;2;0;0.300000;0.200000;0.005631;exponential;0.900000;3600
66754;1358649025;5;marijuana;-1.000000;-1.000000;0.944411;0.935188;2;1;0.300000;0.200000;0.005631;exponential;0.900000;3600
46021;1358599696;5;marijuana;0.966473;0.333537;0.170143;0.576654;2;2;0.300000;0.200000;0.005631;exponential;0.900000;3600
59367;1358715559;5;marijuana;-1.000000;-1.000000;0.926514;0.957721;2;2;0.300000;0.200000;0.005631;exponential;0.900000;3600
31583;1358709955;5;marijuana;-1.000000;-1.000000;0.958461;0.957978;2;0;0.300000;0.200000;0.005631;exponential;0.900000;3600
10060;1358716724;5;marijuana;-1.000000;-1.000000;0.916229;0.917865;2;1;0.300000;0.200000;0.005631;exponential;0.900000;3600
72746;1358605988;5;marijuana;-1.000000;-1.000000;0.810137;0.846591;2;1;0.300000;0.200000;0.005631;exponential;0.900000;3600
85970;1358606410;5;marijuana;-1.000000;-1.000000;0.238726;0.595604;2;0;0.300000;0.200000;0.005631;exponential;0.900000;3600
75261;1358846329;5;marijuana;-1.000000;-1.000000;0.939576;0.945966;2;1;0.300000;0.200000;0.005631;exponential;0.900000;3600
24853;1358537217;5;marijuana;-1.000000;-1.000000;0.260738;0.470275;2;1;0.300000;0.200000;0.005631;exponential;0.900000;3600
22745;1358851500;5;marijuana;-1.000000;-1.000000;0.908444;0.903637;2;1;0.300000;0.200000;0.005631;exponential;0.900000;3600
45000;1358851525;5;marijuana;-1.000000;-1.000000;0.903759;0.910528;2;2;0.300000;0.200000;0.005631;exponential;0.900000;3600
74916;1358604050;5;marijuana;-1.000000;-1.000000;0.370034;0.144570;2;2;0.300000;0.200000;0.005631;exponential;0.900000;3600
13799;1358882662;5;marijuana;-1.000000;-1.000000;0.878301;0.878851;2;0;0.300000;0.200000;0.005631;exponential;0.900000;3600
88133;1358886010;5;marijuana;-1.000000;-1.000000;0.832232;0.873430;2;1;0.300000;0.200000;0.005631;exponential;0.900000;3600
39122;1358689867;5;marijuana;-1.000000;-1.000000;0.002452;0.001456;2;1;0.300000;0.200000;0.005631;exponential;0.900000;3600
18394;1358848689;5;marijuana;-1.000000;-1.000000;0.300200;0.608360;2;2;0.300000;0.200000;0.005631;exponential;0.900000;3600
46160;1358899996;5;marijuana;-1.000000;-1.000000;0.573929;0.622354;2;1;0.300000;0.200000;0.005631;exponential;0.900000;3600
44520;1358860982;5;marijuana;0.300139;0.922921;0.586923;0.626438;2;1;0.300000;0.200000;0.005631;exponential;0.900000;3600
19844;1358881661;5;marijuana;0.311774;0.918558;0.742036;0.871328;2;1;0.300000;0.200000;0.005631;exponential;0.900000;3600
52067;1358964029;5;marijuana;-1.000000;-1.000000;0.862475;0.921828;2;1;0.300000;0.200000;0.005631;exponential;0.900000;3600
86727;1358710977;5;marijuana;-1.000000;-1.000000;0.380899;0.382415;2;0;0.300000;0.200000;0.005631;exponential;0.900000;3600
14106;1358693942;5;marijuana;-1.000000;-1.000000;0.000000;0.000002;2;0;0.300000;0.200000;0.005631;exponential;0.900000;3600
35227;1358606173;5;marijuana;-1.000000;-1.000000;0.743337;0.739092;2;0;0.300000;0.200000;0.005631;exponential;0.900000;3600
22617;1358974118;5;marijuana;-1.000000;-1.000000;0.207367;0.232851;2;1;0.300000;0.200000;0.005631;exponential;0.900000;3600
86610;1359052427;5;marijuana;-1.000000;-1.000000;0.969116;0.962932;2;0;0.300000;0.200000;0.005631;exponential;0.900000;3600
16495;1358844655;5;marijuana;-1.000000;-1.000000;0.750398;0.668345;2;1;0.300000;0.200000;0.005631;exponential;0.900000;3600
51597;1359040023;5;marijuana;-1.000000;-1.000000;0.724361;0.472422;2;0;0.300000;0.200000;0.005631;exponential;0.900000;3600
89827;1358980677;5;marijuana;-1.000000;-1.000000;0.705564;0.648064;2;1;0.300000;0.200000;0.005631;exponential;0.900000;3600
79877;1358890241;5;marijuana;-1.000000;-1.000000;0.716635;0.695535;2;2;0.300000;0.200000;0.005631;exponential;0.900000;3600
78911;1358689603;5;marijuana;-1.000000;-1.000000;0.572672;0.738502;2;1;0.300000;0.200000;0.005631;exponential;0.900000;3600
26127;1358966081;5;marijuana;-1.000000;-1.000000;0.415100;0.254509;2;2;0.300000;0.200000;0.005631;exponential;0.900000;3600
39783;1359129151;5;marijuana;-1.000000;-1.000000;0.000000;0.565961;2;2;0.300000;0.200000;0.005631;exponential;0.900000;3600
44167;1358965796;5;marijuana;-1.000000;-1.000000;0.234218;0.202060;2;1;0.300000;0.200000;0.005631;exponential;0.900000;3600
86009;1359035882;5;marijuana;-1.000000;-1.000000;0.417275;0.294017;2;0;0.300000;0.200000;0.005631;exponential;0.900000;3600
46654;1359146325;5;marijuana;-1.000000;-1.000000;0.921029;0.896668;2;0;0.300000;0.200000;0.005631;exponential;0.900000;3600
62555;1358556966;5;marijuana;-1.000000;-1.000000;0.157137;0.002011;2;2;0.300000;0.200000;0.005631;exponential;0.900000;3600
15071;1359387475;5;marijuana;-1.000000;-1.000000;0.438305;0.189428;2;1;0.300000;0.200000;0.005631;exponential;0.900000;3600
82060;1359395852;5;marijuana;-1.000000;-1.000000;0.876153;0.857480;2;0;0.300000;0.200000;0.005631;exponential;0.900000;3600
46771;1358852855;5;marijuana;-1.000000;-1.000000;0.773700;0.629394;2;1;0.300000;0.200000;0.005631;exponential;0.900000;3600
78638;1359407353;5;marijuana;-1.000000;-1.000000;0.467454;0.476733;2;0;0.300000;0.200000;0.005631;exponential;0.900000;3600
50947;1359055569;5;marijuana;-1.000000;-1.000000;0.000000;0.001734;2;2;0.300000;0.200000;0.005631;exponential;0.900000;3600
53884;1328461057;2;marijuana;0.318333;0.000609;0.000003;0.000005;2;0;0.300000;0.200000;0.005631;exponential;0.900000;3600
53884;1337021099;3;marijuana;-1.000000;-1.000000;0.000000;0.000000;2;2;0.300000;0.200000;0.005631;exponential;0.900000;3600
53884;1345459363;4;marijuana;-1.000000;-1.000000;0.000000;0.000000;2;0;0.300000;0.200000;0.005631;exponential;0.900000;3600
53884;1358597995;5;marijuana;-1.000000;-1.000000;0.000000;0.000000;2;0;0.300000;0.200000;0.005631;exponential;0.900000;3600
88175;1358613847;5;marijuana;-1.000000;-1.000000;0.236486;0.750291;2;0;0.300000;0.200000;0.005631;exponential;0.900000;3600
45945;1359412877;5;marijuana;-1.000000;-1.000000;0.480666;0.603696;2;1;0.300000;0.200000;0.005631;exponential;0.900000;3600
51675;1359479232;5;marijuana;0.969037;0.302243;0.468830;0.411675;2;2;0.300000;0.200000;0.005631;exponential;0.900000;3600
84215;1359400522;5;marijuana;-1.000000;-1.000000;0.000002;0.000000;2;0;0.300000;0.200000;0.005631;exponential;0.900000;3600
32174;1359324603;5;marijuana;-1.000000;-1.000000;0.000024;0.000082;2;1;0.300000;0.200000;0.005631;exponential;0.900000;3600
13116;1359545883;5;marijuana;-1.000000;-1.000000;0.519107;0.798277;2;1;0.300000;0.200000;0.005631;exponential;0.900000;3600
51552;1358782237;5;marijuana;-1.000000;-1.000000;0.681436;0.688723;2;1;0.300000;0.200000;0.005631;exponential;0.900000;3600
70889;1327745994;2;marijuana;0.509522;0.006960;0.000000;0.000000;2;0;0.300000;0.200000;0.005631;exponential;0.900000;3600
70889;1336554362;3;marijuana;-1.000000;-1.000000;0.000000;0.000000;2;0;0.300000;0.200000;0.005631;exponential;0.900000;3600
70889;1345484858;4;marijuana;-1.000000;-1.000000;0.000000;0.000000;2;0;0.300000;0.200000;0.005631;exponential;0.900000;3600
70889;1358539807;5;marijuana;-1.000000;-1.000000;0.000000;0.000000;2;0;0.300000;0.200000;0.005631;exponential;0.900000;3600
68494;1359502407;5;marijuana;-1.000000;-1.000000;0.652112;0.891688;2;0;0.300000;0.200000;0.005631;exponential;0.900000;3600
71627;1359747430;5;marijuana;-1.000000;-1.000000;0.892935;0.943251;2;0;0.300000;0.200000;0.005631;exponential;0.900000;3600
25947;1359817079;5;marijuana;-1.000000;-1.000000;0.930929;0.865042;2;2;0.300000;0.200000;0.005631;exponential;0.900000;3600
71518;1359812366;5;marijuana;-1.000000;-1.000000;0.567758;0.614319;2;0;0.300000;0.200000;0.005631;exponential;0.900000;3600
82282;1359787927;5;marijuana;-1.000000;-1.000000;0.789931;0.673969;2;1;0.300000;0.200000;0.005631;exponential;0.900000;3600
37617;1359812143;5;marijuana;-1.000000;-1.000000;0.496358;0.603696;2;2;0.300000;0.200000;0.005631;exponential;0.900000;3600
30076;1359620328;5;marijuana;-1.000000;-1.000000;0.179286;0.187374;2;2;0.300000;0.200000;0.005631;exponential;0.900000;3600
63063;1346714726;4;marijuana;-1.000000;-1.000000;0.000296;0.000181;2;1;0.300000;0.200000;0.005631;exponential;0.900000;3600
63063;1359731414;5;marijuana;-1.000000;-1.000000;0.000000;0.000000;2;1;0.300000;0.200000;0.005631;exponential;0.900000;3600
17353;1358850447;5;marijuana;-1.000000;-1.000000;0.203573;0.188257;2;0;0.300000;0.200000;0.005631;exponential;0.900000;3600
48990;1359920563;5;marijuana;-1.000000;-1.000000;0.865772;0.837486;2;2;0.300000;0.200000;0.005631;exponential;0.900000;3600
22931;1359828706;5;marijuana;-1.000000;-1.000000;0.477661;0.477943;2;0;0.300000;0.200000;0.005631;exponential;0.900000;3600
49597;1359816062;5;marijuana;0.710698;0.000000;0.703996;0.772033;2;0;0.300000;0.200000;0.005631;exponential;0.900000;3600
45539;1359980488;5;marijuana;-1.000000;-1.000000;0.949904;0.951774;2;0;0.300000;0.200000;0.005631;exponential;0.900000;3600
62560;1359984804;5;marijuana;-1.000000;-1.000000;0.668480;0.764440;2;0;0.300000;0.200000;0.005631;exponential;0.900000;3600
32100;1359386539;5;marijuana;-1.000000;-1.000000;0.054185;0.092714;2;2;0.300000;0.200000;0.005631;exponential;0.900000;3600
66052;1358859785;5;marijuana;0.300000;0.011535;0.521640;0.527923;2;1;0.300000;0.200000;0.005631;exponential;0.900000;3600
53275;1359963872;5;marijuana;-1.000000;-1.000000;0.703500;0.740980;2;1;0.300000;0.200000;0.005631;exponential;0.900000;3600
11360;1359990903;5;marijuana;-1.000000;-1.000000;0.764213;0.684990;2;1;0.300000;0.200000;0.005631;exponential;0.900000;3600
23144;1359986749;5;marijuana;-1.000000;-1.000000;0.924097;0.922310;2;0;0.300000;0.200000;0.005631;exponential;0.900000;3600
14188;1358538045;5;marijuana;0.908488;0.304728;0.001194;0.001193;2;0;0.300000;0.200000;0.005631;exponential;0.900000;3600
52635;1358881646;5;marijuana;-1.000000;-1.000000;0.008781;0.008768;2;1;0.300000;0.200000;0.005631;exponential;0.900000;3600
29914;1359990644;5;marijuana;-1.000000;-1.000000;0.305736;0.290075;2;1;0.300000;0.200000;0.005631;exponential;0.900000;3600
39701;1359891974;5;marijuana;-1.000000;-1.000000;0.293287;0.425499;2;0;0.300000;0.200000;0.005631;exponential;0.900000;3600
24760;1359809426;5;marijuana;-1.000000;-1.000000;0.000018;0.000018;2;1;0.300000;0.200000;0.005631;exponential;0.900000;3600
77023;1360017658;5;marijuana;-1.000000;-1.000000;0.335424;0.141542;2;2;0.300000;0.200000;0.005631;exponential;0.900000;3600
25323;1359919175;5;marijuana;-1.000000;-1.000000;0.795104;0.590221;2;1;0.300000;0.200000;0.005631;exponential;0.900000;3600
19066;1360011309;5;marijuana;-1.000000;-1.000000;0.026835;0.009484;2;0;0.300000;0.200000;0.005631;exponential;0.900000;3600
71700;1360166592;5;marijuana;0.891040;0.300003;0.710207;0.481794;2;1;0.300000;0.200000;0.005631;exponential;0.900000;3600
36143;1359898902;5;marijuana;-1.000000;-1.000000;0.132588;0.129690;2;0;0.300000;0.200000;0.005631;exponential;0.900000;3600
11692;1359926453;5;marijuana;-1.000000;-1.000000;0.890238;0.910937;2;0;0.300000;0.200000;0.005631;exponential;0.900000;3600
49294;1359988016;5;marijuana;0.000000;0.300004;0.017770;0.007513;2;2;0.300000;0.200000;0.005631;exponential;0.900000;3600
71782;1359972749;5;marijuana;-1.000000;-1.000000;0.297015;0.553063;2;2;0.300000;0.200000;0.005631;exponential;0.900000;3600
18420;1359397191;5;marijuana;-1.000000;-1.000000;0.534071;0.291492;2;1;0.300000;0.200000;0.005631;exponential;0.900000;3600
16313;1359917006;5;marijuana;-1.000000;-1.000000;0.000119;0.000096;2;0;0.300000;0.200000;0.005631;exponential;0.900000;3600
73303;1359921172;5;marijuana;-1.000000;-1.000000;0.000275;0.132036;2;1;0.300000;0.200000;0.005631;exponential;0.900000;3600
75468;1359985399;5;marijuana;-1.000000;-1.000000;0.388504;0.631677;2;1;0.300000;0.200000;0.005631;exponential;0.900000;3600
66404;1359899733;5;marijuana;0.892296;0.000000;0.315671;0.316008;2;2;0.300000;0.200000;0.005631;exponential;0.900000;3600
80058;1359387868;5;marijuana;-1.000000;-1.000000;0.000547;0.000389;2;1;0.300000;0.200000;0.005631;exponential;0.900000;3600
36006;1358693047;5;marijuana;-1.000000;-1.000000;0.000001;0.000001;2;2;0.300000;0.200000;0.005631;exponential;0.900000;3600
75178;1358629706;5;marijuana;-1.000000;-1.000000;0.000223;0.000314;2;0;0.300000;0.200000;0.005631;exponential;0.900000;3600
18344;1359987737;5;marijuana;-1.000000;-1.000000;0.851850;0.378138;2;2;0.300000;0.200000;0.005631;exponential;0.900000;3600
67947;1359463843;5;marijuana;-1.000000;-1.000000;0.002078;0.002029;2;2;0.300000;0.200000;0.005631;exponential;0.900000;3600
34853;1358603857;5;marijuana;-1.000000;-1.000000;0.000000;0.000000;2;1;0.300000;0.200000;0.005631;exponential;0.900000;3600
26425;1359110260;5;marijuana;-1.000000;-1.000000;0.000102;0.000001;2;0;0.300000;0.200000;0.005631;exponential;0.900000;3600
34250;1359283083;5;marijuana;-1.000000;-1.000000;0.211358;0.211188;2;2;0.300000;0.200000;0.005631;exponential;0.900000;3600
84841;1330110929;2;marijuana;0.301409;0.000047;0.000000;0.000000;2;0;0.300000;0.200000;0.005631;exponential;0.900000;3600
84841;1347545097;4;marijuana;-1.000000;-1.000000;0.000000;0.000000;2;0;0.300000;0.200000;0.005631;exponential;0.900000;3600
84841;1360101148;5;marijuana;-1.000000;-1.000000;0.000000;0.000000;2;0;0.300000;0.200000;0.005631;exponential;0.900000;3600
66245;1359920474;5;marijuana;-1.000000;-1.000000;0.081010;0.100065;2;1;0.300000;0.200000;0.005631;exponential;0.900000;3600
68533;1361004719;5;marijuana;0.725935;0.300838;0.091438;0.118169;2;0;0.300000;0.200000;0.005631;exponential;0.900000;3600
86352;1360001597;5;marijuana;-1.000000;-1.000000;0.120839;0.143597;2;1;0.300000;0.200000;0.005631;exponential;0.900000;3600
20905;1359990847;5;marijuana;-1.000000;-1.000000;0.670207;0.764245;2;2;0.300000;0.200000;0.005631;exponential;0.900000;3600
76313;1358846722;5;marijuana;-1.000000;-1.000000;0.008409;0.454679;2;1;0.300000;0.200000;0.005631;exponential;0.900000;3600
31372;1359468276;5;marijuana;-1.000000;-1.000000;0.271772;0.000003;2;1;0.300000;0.200000;0.005631;exponential;0.900000;3600
86237;1359813479;5;marijuana;-1.000000;-1.000000;0.115694;0.157117;2;1;0.300000;0.200000;0.005631;exponential;0.900000;3600
21350;1358600532;5;marijuana;-1.000000;-1.000000;0.000000;0.000000;2;1;0.300000;0.200000;0.005631;exponential;0.900000;3600
26999;1359387611;5;marijuana;-1.000000;-1.000000;0.112519;0.226696;2;2;0.300000;0.200000;0.005631;exponential;0.900000;3600
73175;1337007276;3;marijuana;-1.000000;-1.000000;0.000939;0.000939;2;1;0.300000;0.200000;0.005631;exponential;0.900000;3600
73175;1345795171;4;marijuana;-1.000000;-1.000000;0.000000;0.000000;2;1;0.300000;0.200000;0.005631;exponential;0.900000;3600
73175;1358537153;5;marijuana;-1.000000;-1.000000;0.000000;0.000000;2;1;0.300000;0.200000;0.005631;exponential;0.900000;3600
52385;1347201843;4;marijuana;-1.000000;-1.000000;0.243877;0.415759;2;1;0.300000;0.200000;0.005631;exponential;0.900000;3600
52385;1358762831;5;marijuana;-1.000000;-1.000000;0.000000;0.000000;2;1;0.300000;0.200000;0.005631;exponential;0.900000;3600
52441;1359812192;5;marijuana;-1.000000;-1.000000;0.000006;0.000005;2;1;0.300000;0.200000;0.005631;exponential;0.900000;3600
50869;1367485273;6;marijuana;-1.000000;-1.000000;0.909514;0.910410;2;0;0.300000;0.200000;0.005631;exponential;0.900000;3600
13799;1367485580;6;marijuana;-1.000000;-1.000000;0.620342;0.613415;2;0;0.300000;0.200000;0.005631;exponential;0.900000;3600
10060;1367502751;6;marijuana;-1.000000;-1.000000;0.886081;0.844699;2;1;0.300000;0.200000;0.005631;exponential;0.900000;3600
51722;1367486844;6;marijuana;-1.000000;-1.000000;0.819326;0.867630;2;1;0.300000;0.200000;0.005631;exponential;0.900000;3600
85596;1367496109;6;marijuana;-1.000000;-1.000000;0.913335;0.904717;2;0;0.300000;0.200000;0.005631;exponential;0.900000;3600
86727;1367510309;6;marijuana;-1.000000;-1.000000;0.955218;0.752410;2;0;0.300000;0.200000;0.005631;exponential;0.900000;3600
29914;1367482666;6;marijuana;-1.000000;-1.000000;0.588614;0.330055;2;1;0.300000;0.200000;0.005631;exponential;0.900000;3600
10841;1367510818;6;marijuana;-1.000000;-1.000000;0.773427;0.682304;2;0;0.300000;0.200000;0.005631;exponential;0.900000;3600
50181;1358861136;5;marijuana;-1.000000;-1.000000;0.000000;0.000000;2;1;0.300000;0.200000;0.005631;exponential;0.900000;3600
45945;1367502161;6;marijuana;-1.000000;-1.000000;0.634823;0.644263;2;1;0.300000;0.200000;0.005631;exponential;0.900000;3600
18394;1367611575;6;marijuana;-1.000000;-1.000000;0.743073;0.844785;2;2;0.300000;0.200000;0.005631;exponential;0.900000;3600
40997;1367496119;6;marijuana;-1.000000;-1.000000;0.615454;0.555812;2;1;0.300000;0.200000;0.005631;exponential;0.900000;3600
50947;1367492887;6;marijuana;-1.000000;-1.000000;0.000022;0.000015;2;2;0.300000;0.200000;0.005631;exponential;0.900000;3600
31583;1367838280;6;marijuana;-1.000000;-1.000000;0.887271;0.894174;2;1;0.300000;0.200000;0.005631;exponential;0.900000;3600
22931;1367840568;6;marijuana;-1.000000;-1.000000;0.099308;0.235896;2;2;0.300000;0.200000;0.005631;exponential;0.900000;3600
38901;1367913952;6;marijuana;-1.000000;-1.000000;0.921618;0.898804;2;0;0.300000;0.200000;0.005631;exponential;0.900000;3600
51552;1367506297;6;marijuana;-1.000000;-1.000000;0.670352;0.784162;2;1;0.300000;0.200000;0.005631;exponential;0.900000;3600
66754;1367921501;6;marijuana;-1.000000;-1.000000;0.825686;0.795425;2;1;0.300000;0.200000;0.005631;exponential;0.900000;3600
63817;1327756878;2;marijuana;0.048878;0.300796;0.000621;0.000663;2;1;0.300000;0.200000;0.005631;exponential;0.900000;3600
63817;1336996234;3;marijuana;-1.000000;-1.000000;0.000000;0.000000;2;1;0.300000;0.200000;0.005631;exponential;0.900000;3600
63817;1345457114;4;marijuana;-1.000000;-1.000000;0.000000;0.000000;2;1;0.300000;0.200000;0.005631;exponential;0.900000;3600
57637;1367953766;6;marijuana;-1.000000;-1.000000;0.807074;0.828436;2;1;0.300000;0.200000;0.005631;exponential;0.900000;3600
51675;1367931420;6;marijuana;-1.000000;-1.000000;0.120424;0.462760;2;1;0.300000;0.200000;0.005631;exponential;0.900000;3600
24853;1367594454;6;marijuana;-1.000000;-1.000000;0.402703;0.298129;2;2;0.300000;0.200000;0.005631;exponential;0.900000;3600
72746;1368013240;6;marijuana;-1.000000;-1.000000;0.701089;0.664868;2;1;0.300000;0.200000;0.005631;exponential;0.900000;3600
14188;1367709050;6;marijuana;-1.000000;-1.000000;0.231181;0.007256;2;0;0.300000;0.200000;0.005631;exponential;0.900000;3600
88175;1368047996;6;marijuana;-1.000000;-1.000000;0.704726;0.400273;2;2;0.300000;0.200000;0.005631;exponential;0.900000;3600
23144;1368115161;6;marijuana;-1.000000;-1.000000;0.916061;0.908283;2;0;0.300000;0.200000;0.005631;exponential;0.900000;3600
15071;1368124414;6;marijuana;-1.000000;-1.000000;0.222294;0.489129;2;1;0.300000;0.200000;0.005631;exponential;0.900000;3600
13116;1368095907;6;marijuana;-1.000000;-1.000000;0.150663;0.103318;2;1;0.300000;0.200000;0.005631;exponential;0.900000;3600
16495;1368137396;6;marijuana;-1.000000;-1.000000;0.834621;0.359035;2;1;0.300000;0.200000;0.005631;exponential;0.900000;3600
30952;1368134782;6;marijuana;-1.000000;-1.000000;0.240222;0.837794;2;1;0.300000;0.200000;0.005631;exponential;0.900000;3600
32899;1367680323;6;marijuana;-1.000000;-1.000000;0.346546;0.646583;2;2;0.300000;0.200000;0.005631;exponential;0.900000;3600
45539;1368144743;6;marijuana;-1.000000;-1.000000;0.979511;0.970162;2;0;0.300000;0.200000;0.005631;exponential;0.900000;3600
89827;1368147837;6;marijuana;-1.000000;-1.000000;0.677055;0.607650;2;1;0.300000;0.200000;0.005631;exponential;0.900000;3600
46021;1367493476;6;marijuana;-1.000000;-1.000000;0.664303;0.543578;2;1;0.300000;0.200000;0.005631;exponential;0.900000;3600
82282;1368200079;6;marijuana;-1.000000;-1.000000;0.898746;0.964477;2;1;0.300000;0.200000;0.005631;exponential;0.900000;3600
62555;1367966844;6;marijuana;-1.000000;-1.000000;0.156516;0.002197;2;2;0.300000;0.200000;0.005631;exponential;0.900000;3600
23642;1368240659;6;marijuana;-1.000000;-1.000000;0.487191;0.335073;2;0;0.300000;0.200000;0.005631;exponential;0.900000;3600
52635;1367946920;6;marijuana;-1.000000;-1.000000;0.004910;0.004263;2;1;0.300000;0.200000;0.005631;exponential;0.900000;3600
75261;1368313365;6;marijuana;-1.000000;-1.000000;0.952467;0.957465;2;1;0.300000;0.200000;0.005631;exponential;0.900000;3600
18420;1367515251;6;marijuana;-1.000000;-1.000000;0.001324;0.000072;2;1;0.300000;0.200000;0.005631;exponential;0.900000;3600
31372;1368213128;6;marijuana;-1.000000;-1.000000;0.000044;0.000031;2;1;0.300000;0.200000;0.005631;exponential;0.900000;3600
68633;1368109764;6;marijuana;-1.000000;-1.000000;0.000678;0.001002;2;0;0.300000;0.200000;0.005631;exponential;0.900000;3600
53884;1367601217;6;marijuana;-1.000000;-1.000000;0.006657;0.006657;2;2;0.300000;0.200000;0.005631;exponential;0.900000;3600
35227;1368390656;6;marijuana;-1.000000;-1.000000;0.982511;0.964655;2;0;0.300000;0.200000;0.005631;exponential;0.900000;3600
68494;1368390317;6;marijuana;-1.000000;-1.000000;0.977566;0.985721;2;0;0.300000;0.200000;0.005631;exponential;0.900000;3600
46160;1368196211;6;marijuana;-1.000000;-1.000000;0.453278;0.565922;2;1;0.300000;0.200000;0.005631;exponential;0.900000;3600
46771;1368453499;6;marijuana;-1.000000;-1.000000;0.654008;0.580378;2;1;0.300000;0.200000;0.005631;exponential;0.900000;3600
52067;1368471299;6;marijuana;-1.000000;-1.000000;0.899329;0.893140;2;1;0.300000;0.200000;0.005631;exponential;0.900000;3600
75468;1368400706;6;marijuana;0.312645;0.649642;0.101389;0.160659;2;1;0.300000;0.200000;0.005631;exponential;0.900000;3600
78062;1337266721;3;marijuana;-1.000000;-1.000000;0.000000;0.040575;2;1;0.300000;0.200000;0.005631;exponential;0.900000;3600
78062;1345503313;4;marijuana;-1.000000;-1.000000;0.000000;0.000000;2;1;0.300000;0.200000;0.005631;exponential;0.900000;3600
78062;1367528856;6;marijuana;-1.000000;-1.000000;0.000000;0.000000;2;1;0.300000;0.200000;0.005631;exponential;0.900000;3600
66404;1368094313;6;marijuana;-1.000000;-1.000000;0.515649;0.615842;2;2;0.300000;0.200000;0.005631;exponential;0.900000;3600
78911;1368653394;6;marijuana;-1.000000;-1.000000;0.316129;0.305842;2;1;0.300000;0.200000;0.005631;exponential;0.900000;3600
71627;1368737679;6;marijuana;-1.000000;-1.000000;0.853311;0.836216;2;0;0.300000;0.200000;0.005631;exponential;0.900000;3600
25947;1368310464;6;marijuana;-1.000000;-1.000000;0.914354;0.835647;2;2;0.300000;0.200000;0.005631;exponential;0.900000;3600
59367;1368399321;6;marijuana;-1.000000;-1.000000;0.777114;0.762659;2;2;0.300000;0.200000;0.005631;exponential;0.900000;3600
32174;1368400676;6;marijuana;-1.000000;-1.000000;0.111718;0.103625;2;1;0.300000;0.200000;0.005631;exponential;0.900000;3600
19844;1368388871;6;marijuana;-1.000000;-1.000000;0.617610;0.603529;2;1;0.300000;0.200000;0.005631;exponential;0.900000;3600
53275;1368397226;6;marijuana;-1.000000;-1.000000;0.426435;0.633101;2;1;0.300000;0.200000;0.005631;exponential;0.900000;3600
30076;1368265783;6;marijuana;-1.000000;-1.000000;0.357724;0.266234;2;0;0.300000;0.200000;0.005631;exponential;0.900000;3600
51597;1368203422;6;marijuana;-1.000000;-1.000000;0.704687;0.777093;2;0;0.300000;0.200000;0.005631;exponential;0.900000;3600
32100;1367485244;6;marijuana;0.904308;0.000654;0.808985;0.000585;0;1;0.300000;0.200000;0.005631;exponential;0.900000;3600
82060;1367933235;6;marijuana;-1.000000;-1.000000;0.228026;0.379122;2;0;0.300000;0.200000;0.005631;exponential;0.900000;3600
63757;1369428800;6;marijuana;-1.000000;-1.000000;0.003082;0.004349;2;0;0.300000;0.200000;0.005631;exponential;0.900000;3600
88133;1370724057;6;marijuana;-1.000000;-1.000000;0.200464;0.345142;2;1;0.300000;0.200000;0.005631;exponential;0.900000;3600
63188;1368461167;6;marijuana;-1.000000;-1.000000;0.000803;0.000622;2;2;0.300000;0.200000;0.005631;exponential;0.900000;3600
39783;1367574516;6;marijuana;-1.000000;-1.000000;0.146328;0.159771;2;2;0.300000;0.200000;0.005631;exponential;0.900000;3600
86352;1371668547;6;marijuana;-1.000000;-1.000000;0.018921;0.000464;2;1;0.300000;0.200000;0.005631;exponential;0.900000;3600
37617;1369254169;6;marijuana;-1.000000;-1.000000;0.148352;0.147025;2;2;0.300000;0.200000;0.005631;exponential;0.900000;3600
39701;1368539826;6;marijuana;-1.000000;-1.000000;0.448349;0.573136;2;0;0.300000;0.200000;0.005631;exponential;0.900000;3600
52385;1368062911;6;marijuana;-1.000000;-1.000000;0.006504;0.000000;2;1;0.300000;0.200000;0.005631;exponential;0.900000;3600
66052;1368452006;6;marijuana;-1.000000;-1.000000;0.000000;0.538835;2;1;0.300000;0.200000;0.005631;exponential;0.900000;3600
46654;1368129721;6;marijuana;-1.000000;-1.000000;0.897936;0.881204;2;2;0.300000;0.200000;0.005631;exponential;0.900000;3600
62560;1368181751;6;marijuana;-1.000000;-1.000000;0.655559;0.852994;2;0;0.300000;0.200000;0.005631;exponential;0.900000;3600
60830;1369676088;6;marijuana;-1.000000;-1.000000;0.000086;0.005452;2;2;0.300000;0.200000;0.005631;exponential;0.900000;3600
25544;1368218316;6;marijuana;-1.000000;-1.000000;0.028705;0.009471;2;0;0.300000;0.200000;0.005631;exponential;0.900000;3600
18344;1368312862;6;marijuana;-1.000000;-1.000000;0.044580;0.043987;2;2;0.300000;0.200000;0.005631;exponential;0.900000;3600
67947;1369269054;6;marijuana;-1.000000;-1.000000;0.011394;0.050167;2;2;0.300000;0.200000;0.005631;exponential;0.900000;3600
68533;1368056691;6;marijuana;0.300204;0.764688;0.128257;0.335021;2;2;0.300000;0.200000;0.005631;exponential;0.900000;3600
49597;1367502791;6;marijuana;-1.000000;-1.000000;0.000008;0.000009;2;0;0.300000;0.200000;0.005631;exponential;0.900000;3600
86009;1368399074;6;marijuana;-1.000000;-1.000000;0.312993;0.072340;2;0;0.300000;0.200000;0.005631;exponential;0.900000;3600
44520;1368131017;6;marijuana;-1.000000;-1.000000;0.160803;0.055046;2;1;0.300000;0.200000;0.005631;exponential;0.900000;3600
78966;1368105758;6;marijuana;-1.000000;-1.000000;0.024356;0.020526;2;0;0.300000;0.200000;0.005631;exponential;0.900000;3600
26425;1367944471;6;marijuana;-1.000000;-1.000000;0.503993;0.339290;2;0;0.300000;0.200000;0.005631;exponential;0.900000;3600
11692;1368113530;6;marijuana;-1.000000;-1.000000;0.007328;0.016494;2;2;0.300000;0.200000;0.005631;exponential;0.900000;3600
36006;1367500353;6;marijuana;-1.000000;-1.000000;0.000026;0.000021;2;2;0.300000;0.200000;0.005631;exponential;0.900000;3600
49294;1368560204;6;marijuana;-1.000000;-1.000000;0.082140;0.090897;2;0;0.300000;0.200000;0.005631;exponential;0.900000;3600
50181;1367950123;6;marijuana;-1.000000;-1.000000;0.000000;0.160585;2;1;0.300000;0.200000;0.005631;exponential;0.900000;3600
58909;1358794247;5;marijuana;-1.000000;-1.000000;0.000000;0.000000;2;2;0.300000;0.200000;0.005631;exponential;0.900000;3600
58909;1368443773;6;marijuana;-1.000000;-1.000000;0.000000;0.000000;2;2;0.300000;0.200000;0.005631;exponential;0.900000;3600
48187;1359207088;5;marijuana;-1.000000;-1.000000;0.081493;0.063234;2;1;0.300000;0.200000;0.005631;exponential;0.900000;3600
48187;1368468149;6;marijuana;-1.000000;-1.000000;0.000000;0.000000;2;1;0.300000;0.200000;0.005631;exponential;0.900000;3600
84841;1373328475;6;marijuana;-1.000000;-1.000000;0.000000;0.000059;2;0;0.300000;0.200000;0.005631;exponential;0.900000;3600
38893;1358840617;5;marijuana;-1.000000;-1.000000;0.000190;0.011357;2;0;0.300000;0.200000;0.005631;exponential;0.900000;3600
38893;1367524124;6;marijuana;-1.000000;-1.000000;0.000000;0.000000;2;0;0.300000;0.200000;0.005631;exponential;0.900000;3600
75178;1368091351;6;marijuana;-1.000000;-1.000000;0.002559;0.001303;2;1;0.300000;0.200000;0.005631;exponential;0.900000;3600
38823;1359554117;5;marijuana;-1.000000;-1.000000;0.000000;0.000000;2;0;0.300000;0.200000;0.005631;exponential;0.900000;3600
38823;1367687475;6;marijuana;-1.000000;-1.000000;0.000000;0.000000;2;0;0.300000;0.200000;0.005631;exponential;0.900000;3600
85970;1367490953;6;marijuana;-1.000000;-1.000000;0.000108;0.000108;2;0;0.300000;0.200000;0.005631;exponential;0.900000;3600
24760;1368620832;6;marijuana;-1.000000;-1.000000;0.000082;0.162962;2;1;0.300000;0.200000;0.005631;exponential;0.900000;3600
14106;1368132864;6;marijuana;-1.000000;-1.000000;0.000024;0.000063;2;0;0.300000;0.200000;0.005631;exponential;0.900000;3600
66245;1368107088;6;marijuana;0.013271;0.907940;0.000086;0.000063;2;1;0.300000;0.200000;0.005631;exponential;0.900000;3600
80058;1369103584;6;marijuana;-1.000000;-1.000000;0.373037;0.380650;2;1;0.300000;0.200000;0.005631;exponential;0.900000;3600
22617;1368362791;6;marijuana;-1.000000;-1.000000;0.000803;0.000631;2;1;0.300000;0.200000;0.005631;exponential;0.900000;3600
73303;1368553726;6;marijuana;-1.000000;-1.000000;0.000077;0.435565;2;1;0.300000;0.200000;0.005631;exponential;0.900000;3600
69065;1359036085;5;marijuana;-1.000000;-1.000000;0.000062;0.000062;2;1;0.300000;0.200000;0.005631;exponential;0.900000;3600
69065;1368372471;6;marijuana;-1.000000;-1.000000;0.000000;0.000000;2;1;0.300000;0.200000;0.005631;exponential;0.900000;3600
63063;1368387883;6;marijuana;-1.000000;-1.000000;0.005768;0.005268;2;1;0.300000;0.200000;0.005631;exponential;0.900000;3600
73175;1367491895;6;marijuana;-1.000000;-1.000000;0.006405;0.006405;2;1;0.300000;0.200000;0.005631;exponential;0.900000;3600
